возрастание
21897
938
297
928
817
475
417
639
147
21
208
587
545
839
371
60
890
385
964
441
988
134
147
290
747
55
668
623
863
244
145
608
540
801
896
415
908
492
72
141
71
711
493
128
442
502
499
982
101
982
782
496
719
55
672
870
28
400
604
579
126
158
392
685
377
160
31
531
536
458
212
547
558
4
827
879
367
959
417
19
541
995
964
302
614
648
676
603
914
479
769
67
466
931
319
952
116
402
12
328
259
370
50
308
851
274
55
60
899
486
193
554
147
294
984
263
421
924
948
333
24
424
461
211
703
433
210
742
624
786
585
586
672
863
284
917
379
443
861
724
850
696
904
429
630
33
591
159
928
215
995
890
179
414
53
967
241
908
917
667
825
430
714
486
746
350
856
474
58
460
88
538
664
344
145
88
87
882
772
923
355
22
821
716
630
159
693
883
115
471
125
283
436
400
845
766
327
82
386
142
371
697
525
394
584
866
152
345
965
971
349
981
931
52
711
487
22
958
217
300
811
150
541
129
125
285
924
776
242
687
52
374
795
623
161
536
264
667
522
434
633
9
308
235
882
462
660
576
86
150
373
812
172
814
841
545
975
113
916
766
983
690
796
133
629
935
717
456
803
615
130
703
138
584
6
952
669
175
632
259
899
333
308
105
490
514
541
513
23
744
793
726
298
23
142
481
245
680
16
366
805
513
412
757
922
36
870
704
689
404
871
12
448
533
667
286
521
606
270
915
928
670
999
995
350
128
228
508
504
469
853
143
162
557
845
304
717
57
266
575
640
304
166
958
890
283
62
367
901
639
671
532
294
231
929
234
329
100
340
874
698
682
167
381
206
879
23
332
232
267
748
890
295
127
576
646
933
411
392
880
322
424
173
343
367
647
420
765
198
588
233
864
142
890
971
390
69
76
760
228
182
814
705
379
875
862
281
144
556
82
783
878
516
414
754
729
612
410
180
978
729
990
495
338
649
683
917
589
283
880
612
821
364
301
517
520
950
720
317
943
691
145
885
659
999
76
100
222
92
83
765
99
30
629
579
388
166
231
568
142
589
646
533
643
998
446
212
899
350
57
545
184
167
799
95
941
863
111
511
745
120
336
90
918
409
934
456
57
186
20
777
998
517
450
561
73
591
355
345
218
549
494
856
966
740
551
673
103
793
370
621
576
663
211
249
750
30
540
538
6
504
332
61
215
888
0
435
692
428
129
857
449
825
115
910
646
445
789
942
173
127
673
756
380
203
929
860
536
257
980
629
294
621
124
966
351
194
749
80
287
688
197
968
850
764
34
112
980
94
364
227
891
630
273
623
516
920
150
376
182
679
481
790
110
141
712
200
72
431
229
322
536
375
969
402
330
612
473
465
716
445
130
980
269
530
621
754
978
235
895
216
797
394
815
584
858
403
972
49
592
820
531
103
336
935
178
651
718
140
196
21
273
339
377
405
8
504
265
474
146
895
926
970
762
759
963
536
598
763
172
11
218
435
123
938
6
377
884
46
377
535
142
152
520
991
639
994
686
874
626
482
778
9
959
256
336
802
824
616
957
866
260
211
835
617
882
280
404
452
107
744
734
691
331
767
932
586
558
78
645
869
380
446
956
397
224
471
571
151
523
110
468
508
839
29
93
995
147
244
231
265
891
813
100
987
480
701
314
979
435
407
936
982
185
914
124
886
788
139
887
819
39
933
838
436
843
76
590
523
714
234
186
839
47
825
796
827
0
759
550
403
770
807
131
847
264
699
248
800
999
439
120
72
24
738
520
558
946
470
344
14
612
710
2
40
757
311
643
247
80
463
43
225
775
282
387
766
314
764
881
225
988
457
235
235
835
695
174
327
682
853
617
513
220
77
3
632
719
316
830
530
483
627
766
767
126
774
66
797
101
937
542
810
993
731
634
689
155
26
299
827
645
182
844
510
415
66
929
652
459
164
111
530
557
870
939
465
146
661
678
850
805
535
521
65
88
402
475
556
893
431
116
445
400
333
981
67
352
313
119
359
827
971
588
994
315
845
557
812
769
804
17
343
908
809
999
482
222
361
593
129
612
672
909
138
15
749
841
715
92
415
794
406
308
133
400
726
424
42
962
212
982
679
161
810
745
843
420
496
535
662
896
333
828
843
265
853
814
99
722
25
750
654
381
989
874
149
519
978
921
731
547
444
108
826
185
125
277
441
291
344
327
619
836
626
658
947
77
267
705
267
150
851
434
860
365
567
993
720
646
562
297
827
927
928
169
80
30
622
542
648
65
637
442
61
714
302
273
53
197
439
964
113
792
875
285
805
126
752
781
882
199
434
325
655
472
133
71
191
626
944
680
723
386
300
820
160
988
107
302
227
852
950
707
217
779
711
314
99
579
581
770
823
232
926
591
586
714
119
939
865
283
22
269
990
825
57
705
575
368
79
388
635
607
27
466
390
790
786
925
212
881
10
412
330
915
874
310
272
19
297
569
426
683
742
556
198
467
38
725
424
737
349
215
304
786
267
636
118
594
720
771
220
988
218
86
865
414
154
371
645
925
680
317
680
736
539
326
750
443
762
979
261
139
936
412
279
960
402
663
466
780
12
400
973
95
658
70
670
276
819
252
382
412
807
523
789
93
929
737
986
78
943
889
427
26
502
87
35
566
659
869
929
761
868
422
765
359
909
894
917
506
527
349
966
965
402
367
479
462
323
497
910
520
497
921
334
322
266
594
760
512
650
915
494
316
163
587
999
72
520
908
372
322
99
161
865
132
711
501
727
944
423
713
799
221
733
857
241
864
775
475
474
209
132
645
476
704
661
19
415
949
414
98
253
674
787
964
420
477
208
872
900
917
952
437
200
480
319
395
977
670
475
86
662
486
717
871
936
556
78
9
858
227
172
893
214
308
132
331
546
323
809
622
665
195
562
466
981
726
202
300
962
338
81
286
167
331
920
549
374
265
634
329
171
982
693
393
457
894
0
673
983
243
879
465
697
612
489
315
715
394
899
480
952
631
389
583
233
515
162
819
842
228
565
688
414
441
918
282
138
291
636
858
711
337
901
966
585
814
321
972
405
769
381
715
367
953
835
38
641
107
46
269
335
530
659
521
263
337
691
244
391
631
301
683
135
904
304
722
293
716
814
418
847
959
740
505
466
724
615
398
985
47
296
303
306
925
160
169
139
786
679
931
738
439
85
472
506
965
835
655
696
939
340
624
37
831
102
734
407
525
837
923
519
370
566
604
511
819
400
979
109
263
30
843
784
317
393
179
580
171
499
818
32
197
807
619
380
494
252
989
15
958
64
978
615
257
65
242
626
183
39
555
929
165
549
535
941
383
62
275
161
456
988
839
543
664
675
30
311
328
581
348
985
877
246
607
603
151
256
867
679
637
89
46
396
295
736
205
429
800
902
881
526
534
729
802
562
710
796
454
538
857
434
37
136
621
794
396
833
281
356
317
881
10
194
351
593
163
866
303
315
116
367
291
382
385
431
199
733
789
647
782
105
44
970
638
335
322
233
696
805
491
676
546
109
296
102
75
212
682
287
419
532
407
452
740
117
294
185
777
963
400
326
818
313
853
535
217
659
576
813
100
817
361
58
967
375
29
578
621
545
451
532
891
932
165
608
145
232
625
179
758
282
787
62
319
109
642
301
171
912
884
883
774
347
862
90
232
171
227
616
401
661
128
869
804
151
458
953
677
298
341
450
296
252
723
427
928
633
981
209
776
698
936
335
633
454
135
193
953
580
296
453
708
715
222
613
546
145
259
185
725
511
560
354
613
813
314
298
225
162
330
622
612
244
898
213
642
582
855
2
870
432
431
413
402
167
504
417
97
661
915
750
100
123
419
894
719
331
70
805
671
219
719
297
291
19
125
121
396
672
371
154
827
809
509
365
277
414
68
188
405
680
734
3
686
763
821
139
867
841
466
345
326
200
678
62
297
171
765
16
580
959
783
549
211
787
780
903
755
155
363
171
322
662
360
84
576
986
424
12
133
730
122
395
504
222
795
808
410
504
670
852
301
567
86
662
76
276
50
609
800
474
532
65
571
891
965
332
701
69
625
470
185
971
650
605
44
127
268
435
961
646
668
746
411
364
725
506
424
334
473
509
679
583
769
603
502
90
473
761
658
566
795
53
483
671
590
669
91
961
547
925
732
808
907
694
707
147
40
820
661
359
375
728
716
943
575
164
293
672
361
886
970
339
795
819
959
124
427
277
27
416
340
951
493
203
560
677
240
31
771
264
77
968
575
807
660
213
393
201
470
777
840
743
841
823
989
367
425
636
691
611
448
334
412
871
674
883
542
801
143
988
737
252
333
480
421
572
210
989
892
54
459
185
209
672
756
527
108
763
629
564
852
217
684
377
919
473
837
996
1
128
691
535
238
665
33
546
646
853
106
203
820
518
993
852
594
45
270
69
397
379
222
312
529
309
278
76
473
928
115
817
117
52
880
507
448
686
53
729
36
149
433
772
261
509
244
949
255
242
132
447
956
588
26
884
846
801
391
124
925
161
568
735
318
147
115
988
929
740
853
546
397
383
18
499
114
480
408
65
818
443
761
896
236
298
371
572
927
347
237
403
416
879
848
882
160
79
424
86
333
210
485
737
452
561
514
933
975
227
545
796
312
908
465
869
810
224
222
971
656
422
36
663
774
911
327
846
624
342
65
510
338
73
809
410
852
614
812
68
594
561
571
18
190
905
737
369
402
667
487
654
46
277
982
988
954
261
49
847
129
482
556
527
994
736
532
416
780
449
605
526
21
855
98
438
319
870
157
400
655
246
699
57
460
6
810
796
481
764
569
584
150
313
325
893
729
721
868
136
533
784
760
702
340
616
74
477
967
119
375
70
534
197
644
23
446
892
185
533
854
520
549
902
373
29
655
349
413
24
11
310
180
638
657
745
797
880
326
187
938
16
301
808
387
166
662
622
592
451
633
570
270
870
768
773
386
900
150
601
64
746
535
278
438
559
341
82
442
581
964
500
516
46
715
881
937
850
135
264
62
54
182
872
941
497
133
97
263
697
22
711
630
379
714
507
718
806
759
733
295
488
102
404
913
171
140
437
717
616
98
154
324
19
715
169
559
78
985
638
641
976
477
611
709
670
601
179
647
913
804
454
562
80
433
446
710
676
36
497
467
193
995
519
502
557
220
363
359
761
632
791
677
692
212
247
975
495
200
520
408
963
271
962
61
327
953
391
262
13
360
648
342
460
557
341
977
136
798
81
90
781
719
121
310
795
97
585
432
715
219
143
594
304
804
171
124
353
123
275
340
59
739
622
443
547
822
566
552
832
692
520
227
263
48
912
248
24
591
101
445
926
94
19
250
996
744
688
597
131
57
22
502
560
961
703
374
210
328
303
167
17
898
515
687
562
832
543
607
391
931
429
642
547
477
682
77
675
734
546
706
984
279
924
336
937
839
776
250
926
640
964
938
575
445
878
842
90
226
532
679
52
952
695
123
863
644
838
397
857
586
207
687
725
971
808
972
851
32
444
92
258
162
145
741
398
136
797
679
277
572
41
5
859
731
510
963
341
238
28
64
618
73
858
985
358
128
887
647
192
489
607
71
11
90
473
13
930
544
501
564
708
401
59
219
472
327
542
487
18
601
936
769
698
399
319
444
766
754
589
174
310
901
349
792
413
916
881
500
175
536
801
658
174
796
102
799
279
176
516
834
937
655
797
588
333
415
443
76
857
20
366
700
7
537
875
75
971
460
621
992
697
461
973
24
180
691
581
748
396
587
75
242
583
142
521
638
288
517
872
44
860
219
189
29
313
624
276
716
769
694
761
420
13
682
390
840
853
344
181
70
363
403
615
672
847
128
30
961
77
582
117
593
203
572
375
45
190
518
532
214
788
870
536
164
989
955
782
654
883
873
179
481
216
196
148
459
694
682
897
123
801
525
51
951
305
177
336
992
260
16
104
718
256
719
312
28
862
101
203
704
858
496
8
17
719
387
487
293
471
584
677
846
648
70
496
697
771
231
420
691
461
505
643
639
672
551
507
304
556
739
377
312
15
650
555
827
508
60
939
283
455
382
352
248
879
622
983
532
564
274
30
424
375
670
1
78
737
656
190
269
748
97
930
10
757
171
374
154
211
777
845
248
42
432
60
60
960
104
892
211
752
758
724
173
949
514
878
679
966
23
876
61
624
292
484
684
321
7
767
265
664
561
567
194
283
562
886
615
592
257
316
699
533
999
992
349
11
753
839
998
436
305
699
350
701
144
322
136
967
858
728
462
456
213
863
18
310
495
698
411
996
844
105
728
765
449
375
524
652
528
319
78
566
552
781
787
800
591
697
738
778
599
325
436
29
699
280
943
752
197
628
686
566
725
945
462
548
648
908
534
806
962
931
468
513
97
575
376
427
704
292
800
7
396
676
416
4
39
711
931
205
198
775
322
555
673
256
144
959
847
493
112
116
28
125
387
768
792
925
154
675
100
855
252
305
819
863
140
2
435
790
939
120
568
976
173
824
627
768
330
417
316
356
484
578
681
675
464
256
913
218
75
117
801
46
226
444
322
403
902
905
334
99
530
862
437
555
202
151
528
287
106
623
257
438
672
364
949
104
495
157
15
732
865
211
435
453
840
165
587
652
193
702
57
394
653
290
410
252
205
438
939
881
698
420
579
519
287
710
517
529
475
242
752
357
310
179
852
65
512
272
180
406
824
878
266
453
560
49
123
670
891
111
657
384
263
173
759
210
789
748
36
968
489
571
287
410
336
216
771
670
254
152
127
797
714
843
109
722
238
622
148
959
294
552
645
506
124
646
959
693
486
698
695
307
925
645
783
454
226
285
225
62
791
490
41
732
264
643
837
932
860
966
937
305
204
356
827
890
534
762
952
130
46
708
513
317
602
988
677
519
993
552
924
831
943
570
526
928
751
624
470
392
406
260
574
17
215
798
984
372
185
573
534
70
105
886
246
739
877
227
486
199
583
980
840
780
490
898
586
837
732
216
460
664
935
605
47
770
853
84
615
957
240
445
852
413
684
500
19
480
658
438
692
155
65
444
104
561
467
889
800
166
393
781
517
986
220
468
199
90
562
849
908
520
232
347
824
122
698
74
747
56
636
227
468
87
244
790
200
130
719
153
262
705
212
469
186
354
673
318
36
51
872
912
380
345
901
133
813
674
575
428
163
615
544
179
474
158
67
509
756
892
993
854
575
808
624
899
377
770
745
598
816
50
388
711
507
445
122
959
342
617
783
430
926
498
274
764
842
86
762
717
577
762
295
85
726
176
409
546
453
688
273
353
449
315
651
793
83
134
132
828
185
979
998
692
873
28
373
490
352
9
61
289
91
825
130
721
265
940
500
744
211
903
773
731
969
129
0
346
283
674
855
217
832
660
481
978
518
193
646
560
863
692
504
519
813
484
961
639
234
298
443
304
190
771
256
247
837
281
542
30
84
53
622
929
768
631
850
853
180
854
537
851
869
914
72
354
803
206
894
483
990
660
236
294
698
569
591
873
41
151
715
601
404
961
366
401
406
401
775
983
164
190
913
566
837
361
416
30
674
598
286
608
609
71
626
493
284
300
270
887
889
503
131
671
486
12
259
516
4
230
947
149
988
789
395
382
266
235
67
415
477
581
828
875
583
31
913
595
384
184
184
538
553
973
832
540
511
513
640
999
959
498
266
260
32
751
618
159
817
261
615
617
776
153
357
503
52
920
741
435
24
226
106
784
949
612
896
292
410
373
522
782
483
345
592
494
91
953
396
492
167
987
247
896
728
893
685
241
972
901
682
729
746
588
527
653
721
778
269
259
140
307
493
244
779
294
17
32
481
270
683
241
750
713
336
672
584
101
504
4
635
779
292
377
226
108
444
852
912
777
13
269
512
191
844
373
485
502
874
911
815
202
403
435
995
906
556
821
133
398
73
956
13
798
592
31
427
670
965
666
984
749
891
94
946
717
748
614
492
805
21
885
976
33
417
966
458
763
289
195
394
427
220
415
693
634
849
231
553
900
750
906
331
772
251
90
79
9
416
411
499
926
0
352
49
760
177
845
839
608
441
22
604
600
71
767
105
979
730
341
657
900
682
337
38
488
201
797
66
136
846
959
432
79
630
570
221
722
935
12
381
565
186
107
454
778
956
640
739
724
226
869
286
178
374
266
134
262
538
451
376
637
840
302
637
650
715
73
232
3
934
760
42
589
191
740
28
44
592
439
144
682
874
291
717
672
845
906
485
858
321
384
812
133
194
173
471
708
548
600
431
536
43
485
209
366
580
766
235
418
622
647
972
961
711
331
649
340
388
141
496
696
385
689
971
410
993
936
738
593
867
162
93
268
1
630
485
266
870
61
934
664
467
925
908
468
342
729
598
65
311
526
739
932
912
136
447
946
657
34
922
900
326
581
166
627
477
256
436
766
559
405
969
35
851
789
186
369
257
593
753
483
866
345
442
761
281
50
847
497
214
24
795
331
647
500
871
217
851
278
760
685
533
643
545
109
449
137
346
890
934
296
525
303
944
843
856
604
689
212
524
473
379
517
185
632
292
226
724
403
215
501
118
533
411
713
802
221
626
736
634
564
640
304
159
312
126
160
243
457
290
416
260
336
397
414
344
760
632
405
880
420
636
672
922
504
229
677
975
620
418
636
629
59
963
206
498
994
735
907
270
827
753
827
723
937
391
46
68
190
167
160
31
377
694
868
16
979
143
905
92
400
124
218
471
370
883
726
994
537
248
984
788
432
211
874
620
417
886
258
360
392
550
71
789
188
987
660
140
170
445
138
157
172
445
933
315
791
549
61
988
578
709
332
731
938
43
695
67
642
22
990
666
744
111
213
567
51
549
317
762
656
972
781
799
132
464
777
495
884
428
245
931
968
497
851
213
766
469
376
925
130
162
557
124
379
144
144
889
385
137
675
326
667
638
172
758
477
939
300
685
942
995
804
660
167
865
976
279
767
85
783
237
228
272
787
563
117
276
651
902
187
946
40
883
965
721
861
316
330
728
447
58
504
784
244
538
788
305
128
389
539
392
194
823
245
201
445
700
857
63
930
730
387
429
939
607
931
152
627
392
655
531
249
570
896
798
946
185
338
500
278
659
148
320
875
256
192
396
510
833
885
269
641
617
271
198
70
92
560
79
729
563
216
177
331
289
232
937
731
430
117
463
391
381
847
163
344
819
121
43
211
807
627
658
444
561
714
24
350
432
770
218
149
3
466
694
572
267
205
198
817
140
793
438
814
407
848
683
748
445
20
811
336
354
920
587
7
731
257
984
502
837
435
229
641
404
832
158
693
580
467
119
634
392
651
749
304
813
787
742
162
857
358
919
520
942
727
994
142
501
871
642
450
216
104
701
251
857
46
508
885
896
310
122
553
53
814
119
408
906
251
104
664
468
538
204
760
342
14
901
469
498
504
729
559
821
669
933
638
270
113
141
70
875
833
34
417
759
974
880
75
148
293
291
17
1
244
702
491
424
943
63
209
503
504
570
193
680
357
680
990
495
668
988
548
728
761
99
816
363
320
301
565
189
61
852
81
756
160
152
950
254
951
612
36
247
44
297
475
269
574
572
382
993
923
95
236
37
154
49
89
12
558
914
697
179
7
504
652
898
819
799
100
174
554
376
643
294
959
105
146
504
522
317
148
856
706
495
34
132
8
784
375
55
382
739
51
760
271
978
853
198
472
167
194
730
548
720
546
769
997
7
729
325
566
525
451
311
606
355
89
963
454
469
696
631
844
787
40
889
640
917
18
637
203
187
491
808
720
414
485
867
19
327
613
7
430
201
983
50
170
885
77
76
498
699
239
89
58
647
508
738
631
775
174
978
657
192
20
618
11
496
353
273
716
988
865
252
541
974
292
574
842
226
843
476
406
381
512
272
878
235
570
359
904
180
909
329
541
426
496
477
593
929
136
302
988
251
778
870
992
807
398
62
842
277
463
135
934
225
758
856
188
202
559
156
391
990
307
791
435
308
876
205
46
125
95
951
671
127
444
491
219
752
689
318
431
971
740
617
504
754
943
390
518
49
502
453
111
11
500
791
392
867
475
142
693
216
179
671
146
6
1
693
890
13
457
891
284
200
999
878
558
229
294
789
642
540
539
758
53
925
644
806
190
570
18
12
92
366
38
754
424
305
736
441
401
34
898
856
270
240
659
658
342
628
711
889
835
878
100
10
333
410
215
7
555
847
957
586
85
708
750
93
173
991
27
187
43
676
328
834
559
774
589
456
634
173
142
639
653
132
490
639
235
709
969
406
619
132
663
198
253
261
133
491
685
354
854
103
77
61
991
724
253
230
408
862
662
866
471
626
197
769
716
599
363
794
742
632
992
13
300
458
927
12
833
112
613
175
862
209
475
627
435
211
708
734
217
350
792
561
670
615
238
202
651
519
840
229
338
32
32
903
161
828
9
207
532
73
760
282
327
221
217
545
704
394
486
296
867
86
106
229
815
233
908
627
798
532
103
971
74
579
470
102
626
574
589
273
340
226
882
598
868
886
259
827
467
597
889
33
307
896
697
994
70
781
644
280
687
800
556
279
816
340
887
558
866
453
432
15
363
85
896
296
290
450
404
621
70
193
416
988
636
9
33
301
479
502
704
340
514
496
411
860
753
455
605
34
190
374
910
499
695
193
205
27
348
12
553
483
998
897
87
798
475
853
326
968
726
368
710
548
300
120
447
16
233
625
206
959
537
315
202
99
235
319
381
260
943
439
742
138
735
897
995
723
172
208
499
441
112
864
218
763
936
452
605
534
277
861
685
216
136
401
490
689
34
277
444
343
814
104
22
324
438
398
487
406
714
350
693
515
735
761
382
406
339
127
329
179
399
48
287
802
86
579
112
243
778
703
127
839
622
411
23
671
365
180
511
708
553
619
312
482
656
768
648
969
433
623
431
873
924
61
999
409
160
639
537
636
966
87
273
370
866
333
755
6
770
854
887
857
430
387
368
178
151
520
595
111
237
271
779
477
737
992
1
1
641
832
312
441
218
364
407
481
375
368
103
749
543
616
572
136
333
617
73
855
1
333
164
702
732
330
504
372
40
102
665
965
974
409
219
636
593
103
715
731
224
937
151
449
969
934
961
486
289
899
318
718
984
596
613
159
529
93
91
281
911
411
268
314
986
840
476
67
257
142
35
738
802
251
950
284
293
13
298
935
646
531
52
817
833
88
636
209
432
805
40
680
280
313
141
515
498
287
448
352
101
821
602
507
376
732
370
420
629
321
900
702
186
439
895
726
913
534
149
990
935
796
763
781
641
654
536
909
394
348
979
249
713
774
749
17
271
31
493
675
807
597
594
80
478
785
115
752
706
617
162
818
7
495
480
525
420
302
690
924
261
473
352
113
305
568
886
321
195
767
340
103
494
277
32
984
617
710
971
99
866
101
817
659
942
58
274
258
319
404
837
707
127
947
941
924
225
172
915
135
527
226
490
419
845
805
810
932
244
826
477
515
531
7
789
595
728
113
742
74
133
220
248
263
245
478
180
950
709
176
623
470
55
890
381
100
610
786
109
389
366
777
635
477
507
130
27
663
65
128
96
71
777
563
628
524
267
174
826
620
473
192
271
595
672
516
559
332
287
8
492
610
640
911
41
915
764
379
397
90
435
3
915
95
209
292
775
941
580
431
650
257
233
511
406
426
278
933
445
576
394
786
339
373
513
776
557
187
340
861
721
433
5
765
597
694
136
771
483
240
980
612
658
744
953
737
920
558
420
263
867
685
598
124
271
563
291
503
337
232
669
917
659
176
513
364
208
438
273
901
351
390
561
587
36
167
853
723
577
252
775
103
805
334
199
122
555
824
890
594
811
918
965
13
37
338
275
802
633
580
506
126
652
470
820
519
797
489
73
296
894
296
786
65
390
959
720
514
27
471
179
828
84
577
383
52
389
972
608
261
588
717
830
944
240
426
403
699
689
987
986
12
490
229
610
400
227
244
311
77
67
709
858
464
763
837
470
955
518
297
652
375
812
732
905
402
982
502
818
340
740
943
106
628
625
744
866
218
672
745
607
721
312
229
770
91
547
535
408
784
332
799
842
557
375
564
39
501
218
520
204
111
241
987
710
539
784
740
879
778
81
731
644
89
605
284
399
57
775
977
752
543
356
720
614
251
375
683
484
119
353
146
662
278
605
929
754
774
626
23
708
507
609
29
234
242
38
734
558
679
980
641
394
43
801
984
757
45
353
253
52
252
166
576
516
302
660
119
91
472
635
779
390
27
37
386
797
103
752
566
963
311
510
698
82
872
727
236
163
127
280
948
562
534
317
543
24
571
114
536
691
214
543
220
968
20
794
672
361
92
430
394
481
86
512
608
507
419
763
936
299
373
778
710
852
619
162
971
369
105
922
288
463
74
99
951
663
875
57
274
794
118
4
715
85
47
808
79
363
943
799
408
954
946
857
717
149
767
114
848
745
588
10
372
836
699
962
440
255
525
361
709
428
753
126
680
826
584
360
276
149
113
65
887
291
532
482
967
530
533
960
265
140
423
300
478
876
875
184
867
603
292
508
131
859
415
441
979
405
572
229
265
709
883
709
42
179
670
769
943
37
137
136
859
391
880
101
140
421
646
281
947
199
757
864
114
83
854
960
169
873
742
235
12
279
140
461
29
885
371
593
1
179
576
255
770
398
330
800
609
609
928
778
261
152
459
86
732
216
226
551
957
115
412
397
144
335
86
631
19
526
656
840
217
440
6
120
817
676
208
915
905
206
438
750
204
738
380
997
215
846
358
346
324
334
264
89
785
825
397
543
729
865
202
816
764
760
925
575
677
774
903
984
544
494
460
841
910
848
555
648
974
914
486
22
314
151
256
313
347
201
661
231
490
235
667
142
212
791
635
728
273
79
716
156
842
255
644
464
788
7
283
946
941
630
711
478
250
761
278
642
443
780
747
885
603
327
136
325
495
474
84
192
747
211
153
579
603
556
60
102
285
114
546
360
769
335
332
854
625
761
703
631
811
140
403
372
824
290
477
699
496
683
506
922
708
847
779
648
384
384
88
871
899
389
122
526
516
817
498
891
411
219
703
302
905
726
319
328
908
456
926
634
115
87
236
370
427
551
382
768
268
97
395
184
235
470
145
416
484
145
27
272
859
930
730
745
8
670
6
630
277
188
590
695
796
891
411
421
522
94
358
560
795
706
705
595
856
998
905
169
716
553
126
129
150
162
716
925
731
168
601
481
972
674
67
846
584
841
213
158
310
545
582
985
401
574
223
126
167
356
135
598
592
86
989
955
696
120
24
886
329
193
558
477
576
63
384
707
289
198
590
897
530
620
612
466
490
11
32
877
620
194
783
187
500
757
652
192
940
232
884
799
323
531
320
526
227
599
816
457
653
895
321
218
315
81
739
22
130
268
41
578
611
572
149
524
708
696
71
830
999
469
162
142
86
91
700
25
954
637
456
493
743
542
946
558
781
831
894
456
86
789
181
515
631
775
981
525
92
237
643
377
725
364
272
285
15
14
126
961
408
14
525
435
755
225
422
688
84
912
226
53
8
810
224
603
812
982
819
737
473
926
588
131
441
352
880
569
777
46
824
34
202
701
81
535
221
306
360
868
875
744
484
425
190
615
615
79
448
902
410
253
678
473
773
490
48
405
640
677
920
304
824
113
708
55
73
84
634
671
700
534
687
164
998
519
899
440
733
641
181
611
24
773
879
680
122
9
909
161
666
143
904
961
354
833
401
55
137
816
460
50
79
307
955
728
589
892
683
921
543
375
7
944
367
797
472
609
207
277
814
405
315
265
733
131
296
814
670
898
733
117
1
121
517
886
788
839
973
621
75
766
896
845
60
985
221
24
453
671
497
768
957
992
967
752
419
100
641
444
631
763
89
831
99
223
208
564
206
733
130
180
37
99
517
893
494
923
676
659
538
413
788
48
294
644
738
776
399
686
206
40
239
583
129
228
696
791
286
975
180
383
472
781
279
84
584
509
346
58
273
386
524
425
291
657
30
893
847
804
20
543
549
685
523
913
392
790
827
767
627
525
259
161
507
806
956
333
56
392
419
305
560
9
574
390
482
989
769
856
748
146
741
650
794
815
999
822
516
699
873
122
626
585
823
886
598
913
943
18
470
586
30
317
493
300
635
560
270
570
99
784
724
564
760
146
992
171
318
697
295
613
140
12
247
536
331
803
447
675
335
695
16
816
22
97
964
398
361
618
386
963
895
386
194
959
121
549
115
267
397
535
734
552
570
288
999
117
204
363
200
408
77
368
674
293
697
234
57
756
876
426
266
373
2
178
196
879
882
470
280
885
72
108
70
138
957
396
757
972
398
755
119
115
22
154
95
117
473
923
896
410
678
43
467
290
335
883
860
279
720
200
842
653
346
651
849
517
187
923
278
913
204
478
558
930
63
167
195
501
946
257
164
388
468
449
960
424
363
217
15
580
952
969
429
661
296
672
44
358
911
241
869
969
99
777
634
479
898
380
371
288
90
7
571
909
571
728
630
730
250
737
249
562
381
652
494
403
734
761
923
769
830
746
382
854
575
359
95
527
613
757
202
58
250
82
631
779
278
300
520
373
600
575
686
205
403
397
504
979
935
87
250
802
842
242
14
175
851
973
97
62
163
583
524
655
481
957
990
864
441
729
634
788
344
142
874
777
174
632
360
623
200
96
949
716
192
869
256
453
388
734
428
247
97
380
62
412
721
5
578
488
632
115
209
267
470
779
497
809
906
409
337
565
940
536
39
589
853
527
177
598
870
735
284
823
649
954
372
148
775
630
496
713
495
822
633
462
232
353
975
378
3
835
552
496
712
250
38
271
604
548
332
677
988
980
197
75
720
315
920
515
679
595
140
893
890
86
148
58
912
821
816
160
494
252
288
668
16
331
444
694
577
512
173
942
107
840
458
188
875
620
904
765
396
736
586
482
302
903
24
786
427
738
687
607
302
495
101
14
576
790
527
48
568
959
33
166
910
783
105
185
629
402
312
159
243
698
390
218
502
909
505
946
652
605
890
435
999
848
604
537
963
464
433
719
869
541
547
224
451
326
636
292
186
511
835
260
63
941
292
153
774
132
466
399
416
753
419
991
509
84
784
969
886
452
639
520
37
183
712
880
363
313
760
891
206
305
101
408
837
644
167
421
98
497
375
763
979
251
559
232
996
893
302
867
764
71
38
87
250
271
379
578
541
363
114
496
685
539
923
488
393
883
405
424
894
270
789
500
472
814
714
522
944
112
856
153
899
821
824
800
482
450
32
195
971
1
948
719
516
504
272
463
551
184
120
591
966
304
151
734
476
495
289
801
478
225
293
457
940
865
378
286
256
316
4
870
386
950
667
566
789
934
401
617
778
452
502
790
471
291
594
67
963
506
694
224
112
12
239
711
478
455
239
95
992
898
26
23
725
351
51
999
910
440
801
915
111
53
177
657
675
516
281
737
320
930
405
468
268
997
554
77
867
420
781
245
166
334
55
99
58
15
904
663
98
665
364
951
753
743
230
531
744
789
696
867
336
571
92
857
749
112
482
681
880
692
215
541
759
749
654
84
962
435
982
354
53
31
567
435
477
854
593
713
721
899
996
894
135
986
902
803
871
274
964
998
600
378
464
42
589
84
891
704
132
182
584
700
771
893
21
611
463
340
214
679
370
579
136
205
904
3
879
70
543
933
188
473
672
354
910
370
110
893
387
851
730
173
892
408
112
239
291
209
586
728
361
505
32
759
64
652
520
481
258
813
711
374
709
92
372
553
939
815
197
630
578
392
561
155
852
500
817
801
20
587
91
564
814
715
389
165
857
463
243
449
117
517
173
746
627
117
455
619
949
214
174
481
890
346
700
821
278
218
385
758
436
796
470
68
433
224
735
23
991
195
676
886
954
930
451
539
642
784
294
427
870
994
245
988
785
552
640
903
28
926
996
748
816
545
615
517
854
469
144
227
189
618
616
236
462
840
391
695
799
735
493
198
963
857
270
33
835
507
305
316
811
742
237
870
267
36
585
426
136
222
782
19
831
59
810
105
877
442
764
912
110
320
976
375
544
925
838
94
595
81
651
512
15
628
339
760
122
699
648
512
965
943
428
909
345
15
200
198
91
661
591
180
938
262
18
139
697
363
920
621
53
917
65
528
916
101
151
142
816
90
938
635
503
931
950
332
624
68
588
50
68
597
178
269
839
606
47
221
258
391
807
332
574
107
647
16
862
285
526
556
505
147
673
702
27
735
113
427
144
997
218
575
836
742
819
745
514
330
685
538
614
949
297
390
417
640
123
899
481
280
21
862
226
516
1
894
285
399
695
864
740
366
655
761
783
212
316
178
990
240
958
405
371
56
617
974
346
743
391
957
161
530
823
624
606
568
464
566
394
687
934
238
920
916
751
661
473
98
707
46
439
876
998
51
644
285
364
562
982
428
175
868
665
798
600
271
546
491
368
826
516
147
457
761
481
233
326
750
525
893
219
663
170
936
675
712
164
464
364
885
17
44
201
689
319
665
740
669
969
434
789
16
263
78
540
820
418
179
343
537
793
329
72
267
898
546
646
783
960
253
311
195
342
729
295
163
621
999
159
703
488
712
133
633
105
61
507
645
143
294
927
946
935
586
167
429
956
973
6
852
957
952
207
432
41
473
5
227
433
171
741
153
730
777
666
524
269
852
154
23
589
141
689
244
365
619
314
505
907
429
749
732
741
364
402
8
830
720
329
576
589
491
51
111
99
82
672
970
767
135
78
126
263
452
602
211
645
210
359
290
380
143
424
427
901
470
435
422
530
688
189
667
494
841
732
630
976
278
524
290
322
345
801
910
658
967
70
628
724
833
489
302
433
694
667
100
585
986
247
200
465
191
197
427
88
962
716
384
108
497
610
334
548
296
625
99
145
386
545
115
694
85
27
96
793
438
209
683
925
84
128
137
61
992
703
162
383
458
639
218
203
263
350
842
543
574
33
745
336
354
806
699
15
41
940
380
781
732
127
966
741
703
219
925
973
0
877
348
135
444
249
225
602
653
715
411
280
448
893
132
172
850
970
329
99
339
293
222
660
354
505
598
348
616
805
440
42
130
739
158
548
165
374
887
500
566
670
196
523
489
738
256
473
983
568
352
6
501
195
234
775
327
154
714
352
955
857
870
850
242
758
683
722
305
291
410
606
62
635
994
476
647
890
945
977
987
61
813
907
916
339
556
300
572
583
811
947
564
155
284
49
268
314
312
172
212
242
220
643
993
165
113
967
500
451
795
738
588
13
547
608
948
368
928
134
30
723
480
803
575
399
500
329
412
515
153
688
338
769
899
696
924
841
452
360
261
591
914
816
621
643
799
239
456
501
42
266
322
723
938
98
271
857
699
73
727
228
849
88
606
723
281
992
770
538
135
651
493
468
778
750
947
564
452
606
397
928
742
75
748
219
864
197
657
766
981
146
816
634
317
490
926
612
100
583
431
261
112
996
858
981
135
616
641
836
447
407
71
269
968
150
894
655
220
425
369
784
126
570
676
121
592
64
924
464
38
410
72
894
432
126
886
446
374
987
235
278
851
111
970
638
972
454
638
506
202
880
107
925
82
389
902
460
766
951
660
724
917
316
408
865
317
383
710
580
345
882
53
847
949
650
162
544
446
895
935
961
63
655
482
408
526
350
385
440
149
483
140
130
460
746
403
841
899
801
470
689
61
330
780
691
873
820
922
736
162
654
877
263
694
681
555
285
684
497
84
848
174
40
926
112
486
39
734
875
637
762
802
771
215
158
362
269
418
209
960
825
228
966
669
345
276
796
434
176
289
34
160
489
528
570
671
569
521
519
603
338
232
932
933
869
145
506
134
914
404
477
886
807
321
852
34
939
205
971
915
646
498
527
371
87
548
557
747
633
696
663
272
307
39
940
45
691
688
163
985
638
460
348
224
230
251
299
432
512
324
521
482
633
121
129
712
222
145
540
30
244
367
226
993
274
151
470
940
841
897
564
817
308
702
121
724
738
31
671
59
854
974
428
530
63
700
326
604
673
457
85
899
167
561
749
8
178
276
366
926
139
510
81
505
497
541
602
852
912
330
237
416
606
382
222
992
27
773
65
857
756
856
946
632
172
548
259
611
896
704
880
121
485
837
327
565
401
390
25
301
706
254
384
138
975
480
213
552
329
234
975
605
757
515
801
823
17
51
112
205
864
530
983
551
940
792
522
970
191
140
220
211
614
584
309
621
267
177
107
910
661
453
923
179
294
197
60
980
825
658
681
187
453
612
105
629
755
701
749
435
88
836
357
866
127
93
391
94
607
277
269
214
251
268
841
248
156
379
952
317
616
341
825
71
76
90
537
295
678
198
628
916
808
529
345
165
441
903
42
480
246
223
839
611
920
441
470
847
810
241
337
4
650
984
269
199
153
985
378
305
689
545
3
633
26
976
700
642
0
236
483
823
933
900
373
786
719
858
494
780
509
466
843
630
507
631
296
983
752
709
81
894
584
801
215
543
35
108
522
883
761
894
157
687
288
720
811
23
443
914
355
747
609
306
682
63
744
486
166
321
388
369
547
756
527
649
444
801
654
162
839
685
686
843
909
229
530
357
148
973
154
748
171
361
465
62
434
571
467
409
148
379
553
449
930
869
99
439
413
507
984
61
463
499
37
173
966
892
568
18
198
882
383
438
914
481
674
698
975
757
250
516
453
64
109
171
59
349
311
982
334
314
765
274
157
947
537
810
812
72
438
513
52
400
999
507
339
623
480
521
205
531
664
739
718
572
586
928
394
970
878
697
564
33
929
516
23
935
854
845
388
110
751
406
521
564
52
270
594
319
102
888
975
111
801
266
570
636
524
470
875
118
462
686
682
92
407
632
544
364
440
185
122
488
496
270
506
714
44
685
572
974
713
898
227
14
305
166
573
947
664
337
386
598
291
440
748
119
188
970
443
85
739
612
824
884
900
285
764
813
649
379
236
431
685
428
915
611
149
721
356
765
410
444
162
222
919
75
335
375
515
581
965
96
220
905
52
254
593
262
769
771
89
596
287
334
949
377
204
188
623
416
427
759
262
452
689
426
487
963
566
831
450
677
202
927
901
28
642
177
121
181
166
862
143
564
968
608
462
958
634
811
77
223
468
436
871
941
202
86
536
532
102
411
458
39
255
31
764
384
637
184
824
559
831
802
808
591
155
672
836
30
74
941
346
483
69
808
306
537
904
821
77
706
722
680
482
255
382
68
524
187
633
754
532
512
112
517
414
657
421
666
482
590
293
837
506
958
130
183
587
967
440
628
986
329
910
648
28
448
100
962
601
432
403
928
270
3
516
18
518
14
953
99
165
306
514
257
209
205
278
654
893
881
375
111
483
173
631
793
925
839
44
732
88
451
566
848
437
605
801
868
13
466
988
53
473
149
332
931
987
989
317
656
989
259
927
633
100
170
161
303
568
847
708
151
795
664
262
429
275
977
506
464
822
305
505
398
289
779
671
40
549
712
868
225
910
762
661
832
977
932
350
420
826
269
775
543
544
963
224
427
237
748
18
546
189
95
620
314
186
25
415
132
225
620
502
733
982
538
893
102
239
367
412
430
791
756
680
40
401
240
72
359
695
153
551
637
366
480
706
243
280
763
247
75
341
995
368
505
334
926
347
112
569
951
839
921
962
17
533
573
996
899
136
620
604
981
811
199
709
472
614
631
190
244
804
528
452
259
253
672
461
842
66
738
403
560
858
911
672
615
440
100
836
160
807
646
817
907
195
522
247
3
349
785
817
176
403
320
970
822
601
614
973
371
336
95
913
718
65
446
253
843
367
655
405
107
974
922
273
320
955
635
766
494
122
766
684
140
894
175
716
194
153
936
339
725
672
292
775
534
481
401
556
544
580
547
508
768
483
786
969
239
591
837
488
147
801
160
228
628
210
345
92
378
240
321
530
595
189
798
673
218
909
460
90
11
444
955
851
883
977
388
157
429
699
118
32
615
927
421
173
603
51
522
192
41
874
573
296
58
565
710
124
591
706
196
819
720
579
373
64
872
213
492
321
902
803
736
786
39
527
201
795
926
541
557
874
461
860
1
286
557
426
115
258
114
627
892
98
10
941
171
358
788
418
964
848
613
995
688
922
285
670
654
809
576
268
151
888
49
626
223
979
49
817
759
761
605
492
896
388
141
862
346
89
889
653
882
14
198
207
986
405
142
239
466
20
222
292
940
93
897
967
621
281
505
910
96
412
549
634
124
229
942
545
166
685
540
89
313
961
366
234
929
293
655
503
120
479
531
185
384
838
960
455
967
285
170
325
592
7
271
696
501
48
593
396
458
286
617
826
662
91
697
506
491
448
242
72
76
759
996
390
926
493
908
926
583
818
711
570
531
662
213
794
86
290
833
225
692
569
773
517
803
761
490
545
170
177
485
137
955
328
740
321
195
975
848
761
859
733
53
865
255
846
629
45
307
79
883
574
398
648
970
805
22
798
94
68
243
228
634
787
920
261
488
308
67
1
0
764
118
234
472
198
294
850
17
381
657
682
26
445
205
393
638
759
331
383
576
352
370
485
87
676
551
780
220
164
938
750
856
426
549
460
947
820
133
101
439
325
715
328
35
692
932
407
627
358
108
392
101
359
130
304
286
712
13
582
691
133
804
674
564
679
306
56
314
809
512
45
521
593
877
581
481
925
817
14
790
438
71
636
832
198
144
146
293
490
612
122
233
340
788
233
800
903
99
530
378
879
171
917
581
877
355
788
945
949
446
786
124
748
743
920
190
97
952
550
318
710
179
746
67
907
831
439
936
959
412
765
879
860
25
553
550
582
642
666
294
328
528
143
823
884
425
288
746
540
238
871
39
217
291
707
357
407
641
257
88
179
615
158
196
826
544
222
311
560
781
786
101
50
203
722
501
912
959
439
657
330
758
195
227
654
994
224
18
923
342
753
420
326
962
777
597
430
738
358
494
446
680
74
57
30
651
702
721
470
999
802
198
929
963
61
45
818
290
414
567
909
33
349
200
628
704
681
647
708
116
863
374
828
656
683
119
842
355
551
102
138
661
141
134
251
683
370
483
976
474
33
423
600
160
576
168
370
965
915
454
968
953
300
234
887
720
892
74
153
32
433
874
695
379
99
484
390
496
156
280
348
67
676
366
815
621
934
80
851
926
715
597
566
174
713
488
162
972
591
823
278
438
88
808
657
623
577
181
204
814
137
752
203
307
92
282
488
564
852
140
19
462
36
433
354
144
346
491
329
752
809
26
799
489
672
603
341
932
523
365
834
251
715
167
944
701
61
52
461
459
852
145
711
913
3
133
368
417
923
343
921
473
5
534
286
500
902
953
854
630
20
679
29
209
40
552
335
365
34
675
19
844
363
161
562
620
916
102
707
165
537
512
645
858
857
119
856
852
492
53
672
402
257
503
447
597
539
817
13
384
176
777
687
69
790
737
289
218
642
663
617
210
150
850
354
991
238
43
257
366
272
739
736
355
214
835
429
523
377
597
22
353
443
42
459
56
984
533
879
55
754
997
684
554
896
137
555
53
403
283
61
395
701
238
537
245
286
396
35
703
628
768
100
356
430
523
308
945
517
74
801
143
160
292
354
698
98
961
924
695
522
189
984
754
471
676
616
317
150
160
604
260
321
38
942
957
190
911
358
286
57
442
586
751
479
623
517
862
440
830
122
401
664
733
734
941
50
8
920
637
633
691
590
183
773
443
901
329
702
403
556
633
545
579
22
122
860
682
346
1
454
508
145
599
728
422
379
906
715
62
54
532
701
600
148
876
211
979
567
859
852
355
36
999
823
335
906
76
538
362
261
425
561
159
683
462
519
693
963
411
468
82
333
99
35
828
113
367
47
954
952
839
986
106
545
172
129
132
33
665
838
130
618
680
963
787
726
641
241
381
345
580
211
64
361
351
626
978
387
204
901
845
370
466
812
484
214
124
922
500
231
894
324
248
237
339
618
948
518
396
961
491
755
515
739
76
135
973
820
591
644
470
921
94
116
495
231
70
233
346
869
101
873
974
336
85
58
518
593
166
294
67
852
42
803
210
936
314
778
697
270
358
513
378
632
66
351
746
855
492
20
867
401
273
411
277
29
455
341
236
796
45
546
587
214
455
158
422
558
310
750
117
347
628
966
36
764
69
505
263
816
705
900
251
183
358
55
712
40
98
177
163
671
662
655
279
458
126
792
371
209
764
800
903
97
965
751
88
747
571
534
83
205
970
389
982
284
438
4
794
412
953
308
141
223
891
288
755
526
777
886
685
446
176
924
962
713
476
464
585
712
153
441
137
563
738
755
424
613
727
747
735
910
225
192
975
638
961
338
748
427
63
786
407
592
511
124
242
266
365
365
29
791
409
910
989
181
69
658
108
517
964
930
284
722
5
202
124
890
52
920
981
760
938
256
670
218
307
591
436
70
493
298
934
468
352
842
244
624
369
174
823
296
640
53
395
604
98
607
658
6
417
446
386
231
582
502
134
42
473
502
187
234
216
947
624
460
707
760
785
712
56
731
509
650
521
198
730
583
403
209
283
6
138
817
768
548
448
999
259
132
173
127
35
97
177
787
961
57
292
68
392
145
334
133
250
39
706
780
445
584
501
117
524
582
765
908
937
876
204
695
233
234
396
270
160
672
676
192
715
409
713
827
485
574
176
847
889
203
159
544
158
554
499
591
273
498
396
140
707
875
749
17
971
473
376
989
679
203
862
412
108
151
892
80
653
556
881
383
39
315
780
600
867
850
970
74
893
902
125
564
818
717
240
251
182
590
294
563
331
725
571
828
638
87
338
408
603
782
206
279
8
697
533
168
679
436
909
308
701
79
42
88
312
405
72
367
670
532
771
137
312
523
510
373
317
997
832
862
435
713
122
540
64
403
469
178
847
395
489
920
646
336
897
997
739
760
874
690
775
71
689
725
19
105
332
809
551
421
25
55
913
489
90
571
27
724
458
605
565
892
722
209
953
925
556
774
502
426
569
496
516
419
934
203
471
835
344
709
414
220
464
701
890
129
426
606
604
672
975
858
535
51
619
5
741
42
345
928
318
302
986
205
874
36
932
462
536
44
335
765
343
477
403
839
81
366
605
114
240
804
672
991
825
155
672
358
293
619
18
598
373
57
296
453
14
862
113
626
818
840
52
796
462
867
692
86
755
172
887
467
59
546
473
376
493
65
719
314
892
492
261
684
225
710
648
924
161
614
447
603
362
341
668
320
319
556
689
881
602
919
174
101
841
336
854
0
337
657
529
219
567
10
933
295
694
483
869
894
914
446
220
167
539
965
250
884
613
499
5
513
44
178
363
539
813
848
484
19
928
774
492
110
610
16
430
770
30
234
532
127
603
628
698
199
401
844
699
75
741
741
580
436
900
393
116
795
997
984
861
389
70
205
148
639
544
625
147
434
255
519
977
114
497
635
495
753
697
592
915
59
163
652
289
613
607
474
5
855
11
59
614
108
664
114
92
722
463
83
410
754
708
663
286
389
544
199
254
696
37
491
909
150
699
222
706
601
96
327
881
789
675
398
331
769
985
256
625
27
329
354
94
46
954
374
450
290
764
189
490
169
395
497
965
17
352
397
690
27
755
20
117
175
595
75
568
442
909
708
894
885
835
736
179
419
419
912
951
863
537
791
817
207
919
791
336
585
360
607
357
576
628
111
820
211
901
416
690
210
665
506
176
102
280
682
885
540
797
448
306
686
74
659
854
190
724
25
226
560
5
391
543
707
584
906
923
251
967
991
363
790
936
557
370
832
710
989
88
70
196
147
622
708
252
988
229
979
597
51
534
3
420
730
868
544
257
529
597
212
754
726
872
241
214
930
281
193
607
612
728
564
274
860
751
605
515
334
378
930
89
472
776
126
208
258
56
372
782
457
191
762
493
744
806
920
135
300
632
515
312
435
385
563
485
656
690
437
250
773
968
373
561
437
654
652
887
180
167
2
696
150
85
129
747
433
319
285
304
313
164
219
701
662
903
741
536
427
291
184
479
853
421
202
875
550
849
115
667
997
421
583
477
620
882
701
991
606
536
671
580
379
593
630
714
937
238
489
663
104
277
282
12
722
276
805
274
670
407
190
593
944
878
630
896
630
58
369
758
353
710
831
191
166
226
814
314
960
946
952
127
716
149
926
390
329
433
105
770
594
300
952
21
65
782
19
165
241
298
539
116
464
331
348
381
583
979
608
946
184
839
921
515
107
406
602
825
165
592
658
976
213
36
487
914
700
801
739
857
281
398
581
829
646
837
103
347
562
401
127
718
132
449
357
215
496
421
504
568
546
85
149
135
500
273
933
966
845
3
785
791
569
449
789
556
439
726
22
244
523
560
57
82
672
548
530
160
185
149
486
49
492
740
701
491
139
554
943
699
41
488
154
275
254
479
125
270
639
572
884
300
45
11
425
945
152
476
443
328
615
563
822
430
143
785
719
561
166
609
761
342
258
165
105
441
67
837
586
415
874
441
46
296
165
151
395
929
488
878
509
61
345
387
981
827
903
544
118
611
904
322
823
923
894
252
762
694
582
439
65
339
637
507
831
387
286
647
770
644
468
540
579
411
385
608
455
766
993
230
974
63
782
922
221
893
352
266
154
309
736
592
540
821
2
773
940
57
69
904
51
231
657
459
106
780
619
478
816
826
783
949
804
321
275
284
447
681
268
211
348
922
128
37
408
115
919
394
824
767
118
493
443
621
273
431
829
198
117
994
76
234
967
738
483
763
620
301
241
67
438
196
341
506
104
25
376
431
943
600
727
615
109
139
228
188
506
93
424
452
177
384
863
411
676
697
224
819
637
417
535
375
795
423
24
951
621
505
386
54
726
18
990
407
365
149
99
286
207
727
88
987
443
851
717
697
378
391
710
308
746
395
332
305
917
850
850
903
370
400
265
27
600
252
184
547
522
216
388
832
132
59
784
422
865
975
681
975
190
926
177
107
798
327
390
580
2
863
701
254
964
883
704
692
25
810
290
165
994
311
363
718
453
795
21
185
437
297
481
946
682
427
62
26
861
339
591
773
773
331
448
127
223
262
453
683
134
335
167
731
463
783
724
19
999
877
698
248
19
981
751
591
684
483
184
183
413
584
364
352
386
323
476
581
447
44
106
21
730
489
67
0
238
475
163
229
508
179
371
960
584
366
577
871
630
912
556
174
72
132
553
665
37
897
264
159
215
321
653
238
32
131
331
449
634
528
531
742
874
443
757
755
424
9
249
745
518
583
429
921
619
899
811
979
154
571
37
30
340
738
800
722
934
209
50
936
512
202
850
315
916
79
779
264
495
313
444
648
207
661
95
910
737
520
372
516
54
684
713
512
993
666
96
748
760
543
229
907
900
900
202
479
198
21
26
864
536
131
102
639
750
956
911
976
335
168
481
998
124
71
927
16
819
318
441
305
664
369
135
934
9
586
9
280
508
799
453
713
104
418
427
435
365
786
200
780
761
654
901
678
415
770
748
418
150
826
911
677
299
371
557
627
100
33
425
448
603
203
864
630
435
619
591
336
905
377
679
836
722
535
542
583
933
672
75
571
389
201
734
580
878
937
617
544
441
997
991
828
501
924
976
971
740
233
22
393
615
687
871
398
975
151
647
759
457
28
17
118
93
800
297
465
388
87
778
384
891
705
943
424
400
726
440
85
464
169
579
532
618
287
44
670
252
313
563
744
528
148
177
31
34
650
646
265
153
385
985
903
863
370
69
751
79
772
101
214
618
391
316
851
406
772
435
574
252
225
24
327
316
531
583
171
959
300
24
712
65
580
548
530
385
971
341
111
334
548
970
100
303
350
884
587
815
908
639
732
396
812
352
424
195
365
456
620
873
585
482
986
104
946
383
804
244
177
35
402
609
753
971
747
731
490
822
199
186
330
941
763
768
925
832
470
951
53
559
272
364
198
777
163
602
104
109
353
701
647
275
197
836
199
869
166
546
352
791
173
473
521
568
151
875
145
708
870
758
697
576
259
619
782
570
710
540
258
282
214
56
602
472
907
940
810
555
529
703
620
35
239
842
127
181
605
474
388
641
973
675
364
648
743
83
702
487
656
65
557
883
518
600
237
728
490
899
86
818
776
535
25
495
370
447
223
527
160
168
881
145
676
907
314
115
914
224
97
213
453
524
451
771
581
74
165
589
4
959
375
581
967
373
123
797
138
110
701
146
76
651
653
136
458
704
959
364
575
981
332
608
49
412
249
806
63
153
477
69
614
971
905
273
867
118
631
490
195
290
21
835
646
828
259
164
321
207
127
55
51
807
306
500
768
594
780
345
825
443
538
666
244
659
160
848
327
718
57
969
416
728
779
749
680
258
688
40
983
805
766
688
633
330
456
509
341
403
654
992
262
497
32
241
450
891
184
465
848
368
524
832
574
202
66
84
265
335
135
456
222
205
248
492
341
73
802
430
509
940
772
21
114
2
346
62
299
112
877
45
344
553
965
34
321
310
448
285
482
496
85
815
411
435
113
415
579
393
203
877
660
655
3
526
737
32
28
589
116
316
515
147
501
45
671
714
293
542
928
236
817
121
21
938
913
667
413
140
47
821
551
253
93
914
989
711
32
120
691
82
585
117
854
476
458
392
215
238
286
496
406
979
176
389
500
222
125
505
201
391
606
627
819
97
622
128
968
427
314
998
819
113
886
182
570
598
844
957
208
544
847
735
886
552
886
897
93
541
572
802
263
964
803
132
915
414
849
629
47
102
827
901
543
565
503
707
635
52
902
264
655
662
589
136
653
31
948
928
637
852
935
936
300
920
187
495
410
369
139
61
973
205
792
202
691
932
991
840
565
955
204
543
88
642
564
365
605
467
688
23
815
127
965
681
996
871
633
758
893
372
96
341
608
211
516
896
789
224
123
562
365
958
458
756
478
545
175
715
859
336
13
74
456
98
257
768
348
596
273
142
63
316
251
175
402
645
27
420
862
71
767
219
989
98
549
3
453
255
284
311
379
339
887
493
476
633
558
689
422
107
439
778
765
421
970
521
825
86
546
378
93
355
662
337
914
706
728
650
234
936
253
724
241
655
595
723
574
920
545
368
671
577
927
976
874
523
575
950
792
842
939
245
547
929
174
319
705
746
447
819
817
376
951
910
41
905
212
472
170
226
934
658
788
177
206
169
699
273
679
66
451
886
20
282
423
462
345
664
796
975
414
82
285
26
230
497
400
804
406
234
165
933
8
185
759
431
647
572
547
373
733
833
157
213
9
717
594
4
228
195
745
172
514
293
962
172
117
617
440
692
205
579
627
676
77
899
709
720
775
987
327
474
207
896
268
764
652
306
731
327
699
545
466
198
302
422
397
736
786
163
774
350
94
280
727
762
455
723
403
351
816
787
74
467
799
49
419
358
163
996
380
237
585
743
644
472
902
953
594
92
471
49
759
517
20
132
718
868
915
573
771
545
48
351
585
741
986
634
270
359
105
671
9
873
892
930
948
222
831
651
908
282
393
905
957
334
491
436
155
190
533
61
755
169
258
724
792
821
900
446
793
188
395
113
855
399
206
749
357
861
924
920
8
768
756
118
526
316
528
12
346
820
128
319
629
92
355
214
650
565
832
89
560
968
363
108
554
458
852
940
482
776
897
612
145
768
155
492
212
491
294
559
329
747
809
528
239
44
166
433
363
570
724
903
447
672
527
821
269
480
113
491
113
660
658
130
380
887
419
839
757
352
401
386
489
316
220
378
548
288
775
168
360
424
386
52
114
455
715
679
28
451
131
158
508
844
844
207
524
689
152
12
75
686
133
17
777
678
133
467
79
954
122
695
365
643
7
173
69
433
305
223
852
136
180
25
161
468
458
231
150
386
118
461
196
42
695
687
963
684
800
638
214
78
788
980
981
447
631
660
452
947
183
993
961
412
201
545
547
65
200
285
93
349
513
168
402
367
730
17
731
362
184
607
148
608
208
201
852
936
269
167
995
672
688
800
606
505
710
616
453
30
731
926
838
328
892
928
467
634
106
571
582
667
122
819
748
565
962
338
743
921
806
257
574
573
40
561
688
188
846
92
709
640
734
965
749
134
228
953
273
581
140
128
855
397
362
300
204
768
198
861
602
160
422
454
305
941
412
752
754
633
807
432
614
178
861
399
13
682
381
591
362
503
322
365
459
26
956
160
863
14
777
100
840
423
49
42
160
981
119
128
968
571
875
264
940
792
772
288
306
858
643
62
89
145
435
134
590
951
164
545
625
226
198
99
78
548
571
130
72
536
813
14
872
416
79
617
635
223
576
836
113
784
937
555
354
953
216
206
987
584
245
373
526
409
250
968
87
97
183
408
35
954
91
909
108
923
391
885
223
202
436
718
950
513
909
392
888
835
127
914
646
329
652
983
522
758
607
405
384
819
610
602
982
799
508
667
704
95
70
698
188
374
44
963
412
121
313
803
353
98
962
606
956
6
389
859
57
37
523
566
501
606
480
3
782
701
604
986
745
298
681
643
885
350
21
22
71
684
890
279
864
138
912
645
233
27
844
630
591
523
985
385
296
62
149
767
765
341
391
126
466
126
660
892
88
711
361
804
252
734
243
72
217
480
706
876
368
260
196
778
912
283
318
888
320
55
740
2
384
349
146
180
448
544
611
857
224
67
814
249
191
227
794
874
728
567
382
742
374
941
410
637
56
546
492
199
559
285
579
376
636
864
608
432
950
556
506
982
730
313
768
400
483
471
313
802
457
20
967
57
78
977
986
794
603
515
993
539
465
300
708
998
427
411
301
870
329
14
92
511
152
467
953
431
677
214
605
506
472
881
537
182
901
246
352
669
693
642
225
440
387
7
468
742
251
153
501
913
837
906
22
97
775
173
719
271
632
211
417
888
89
629
961
868
782
94
664
26
714
516
286
426
497
748
734
686
854
399
29
630
925
76
244
495
883
203
766
31
193
28
131
583
376
282
378
85
6
23
357
429
6
612
238
740
830
45
864
577
570
784
576
296
678
128
650
876
360
442
984
73
108
947
101
107
817
220
0
574
488
627
644
859
589
551
436
467
838
847
484
635
289
112
266
741
171
706
692
455
58
933
747
881
539
485
76
128
648
751
888
451
705
367
705
454
611
160
597
123
799
279
159
225
393
932
920
198
496
717
605
609
21
817
74
589
197
886
788
987
297
440
932
351
269
247
752
124
173
211
43
751
154
63
845
205
28
191
269
490
754
527
954
919
366
865
785
399
220
811
857
102
792
779
42
510
622
487
860
632
53
205
980
436
717
852
217
917
48
910
933
115
781
738
727
574
719
18
221
451
740
358
758
815
849
674
310
622
611
827
83
790
280
65
188
429
508
186
329
731
184
116
629
262
436
116
160
568
725
871
313
47
274
579
385
577
536
580
786
809
518
343
439
58
307
516
909
583
914
229
415
941
696
853
391
734
260
519
352
467
237
644
41
717
66
328
388
280
602
842
60
308
459
190
668
561
560
625
349
46
268
80
456
918
795
342
257
960
112
384
668
586
793
326
241
785
503
464
579
120
617
234
159
210
304
214
680
381
364
13
471
430
798
161
295
314
247
26
775
48
533
387
336
513
678
832
630
1
429
951
412
653
26
168
832
688
814
129
757
36
532
819
999
314
922
931
570
662
503
421
931
274
607
892
960
460
321
47
107
543
529
760
921
147
234
734
689
858
747
165
945
593
970
519
722
854
183
217
731
532
199
36
435
489
265
7
752
304
452
878
404
343
423
793
639
663
907
971
784
771
467
388
765
248
780
782
403
504
31
753
103
154
891
611
578
681
319
759
675
399
485
545
422
655
962
956
378
188
362
408
49
177
201
843
656
437
84
539
942
186
126
685
754
363
615
317
581
976
230
882
142
199
886
477
964
113
999
262
982
742
996
499
110
981
426
854
29
996
872
914
88
105
809
522
919
531
222
278
462
432
137
323
733
67
717
549
698
753
465
379
542
1
35
680
29
726
353
9
567
378
682
480
508
432
892
460
596
70
190
811
267
821
797
461
580
583
981
174
573
932
645
15
400
481
861
545
57
54
11
608
579
745
320
792
62
92
442
511
107
264
314
223
352
77
614
942
902
119
265
83
215
734
94
942
734
778
476
725
967
545
963
623
693
887
397
367
674
129
959
535
233
734
414
982
727
898
447
336
912
200
367
368
382
635
881
204
460
649
718
213
161
901
918
994
369
247
324
344
461
58
360
832
681
170
447
613
766
32
349
648
334
60
794
106
277
118
713
317
256
625
501
55
893
188
439
85
938
885
251
480
217
508
353
414
769
2
103
31
312
125
723
946
884
121
13
996
793
844
19
61
348
525
103
191
559
330
787
603
869
558
909
586
997
251
269
356
667
737
115
185
617
531
637
778
14
362
118
827
861
896
339
151
974
43
887
592
81
125
510
554
206
556
70
538
450
466
937
368
44
883
31
318
110
406
281
716
559
611
176
362
613
160
780
265
656
95
176
510
337
383
683
356
233
837
546
85
22
990
304
140
624
900
63
946
98
4
88
740
468
144
335
109
229
365
26
125
854
539
944
886
778
12
918
70
313
907
332
630
388
907
215
382
787
321
407
458
713
999
961
694
25
381
575
641
426
270
874
113
622
500
218
995
264
577
948
716
956
244
410
113
560
772
881
56
496
900
804
962
736
619
445
229
746
63
28
961
223
797
208
935
906
223
658
313
576
274
569
586
108
115
463
811
831
182
803
879
212
163
568
276
954
270
67
639
178
464
57
482
280
255
503
652
287
767
571
29
133
723
456
652
214
452
479
584
140
861
32
799
75
937
992
118
403
433
621
710
839
574
628
175
290
95
587
228
657
352
435
714
211
839
397
670
965
260
566
507
467
612
701
900
889
562
977
20
551
187
911
7
67
348
768
797
992
874
706
379
612
430
741
293
551
43
286
620
759
477
424
784
352
976
77
290
265
738
253
793
307
750
750
863
594
942
41
935
950
348
61
61
563
349
181
169
219
547
692
362
790
789
425
691
16
157
589
597
865
525
153
841
322
15
213
160
738
80
579
833
600
697
442
494
211
26
31
707
814
810
797
403
671
719
365
25
862
302
81
265
667
152
490
849
416
802
345
591
21
919
179
928
411
660
141
361
552
575
111
814
209
61
141
701
574
839
528
414
566
352
980
641
412
974
34
484
353
866
526
760
761
821
435
327
850
265
9
476
894
658
705
582
170
943
543
218
838
505
646
21
85
703
458
443
183
186
943
367
34
636
583
295
560
744
464
834
41
414
939
561
832
62
297
32
283
158
384
760
925
761
891
98
598
214
336
137
922
282
539
996
686
219
216
624
710
827
254
270
412
349
999
222
220
959
155
151
867
819
812
729
477
364
228
297
429
554
850
649
615
425
804
818
585
916
278
998
321
298
545
558
624
747
175
773
36
921
67
208
195
757
717
642
859
28
147
999
382
238
699
557
827
164
701
483
664
763
549
183
995
881
101
479
952
635
946
683
973
368
941
541
649
990
658
31
434
799
765
696
742
487
608
802
794
949
617
731
534
636
536
445
129
165
215
300
305
930
634
820
258
553
373
333
296
331
933
396
96
936
598
631
592
241
924
532
727
218
54
46
439
330
252
510
223
936
25
482
877
452
3
532
81
791
23
18
572
279
682
493
295
275
939
16
432
344
436
511
463
462
15
281
584
794
772
460
345
664
352
852
258
316
994
15
492
821
664
992
162
575
902
782
676
868
838
688
763
535
299
967
79
508
647
776
851
855
829
660
18
591
585
614
467
991
875
329
672
233
386
947
325
567
829
802
451
224
412
690
92
499
462
352
16
202
588
77
14
934
74
218
671
443
22
901
629
545
465
830
673
790
722
440
17
827
482
63
488
641
570
650
839
831
144
893
849
884
905
343
757
603
840
522
692
448
276
140
506
149
552
65
818
641
388
867
866
766
393
799
734
205
818
845
88
528
350
412
773
788
98
39
170
593
50
24
453
40
536
504
856
424
789
792
993
428
125
359
885
668
976
656
354
943
162
886
460
706
603
815
31
320
402
627
379
189
797
632
294
112
588
468
235
685
132
45
768
821
623
160
37
75
944
588
904
683
412
562
662
768
844
916
428
354
927
599
915
771
421
462
770
885
782
804
845
850
56
630
532
815
848
570
894
821
511
280
980
93
182
484
922
864
829
93
416
472
372
494
167
39
325
846
510
378
784
389
564
777
726
13
160
285
386
2
205
431
505
840
921
825
474
761
396
211
409
943
158
869
117
460
353
148
281
995
94
395
704
442
875
566
825
751
634
22
546
212
141
572
385
248
677
660
478
420
753
888
836
406
44
493
246
125
615
526
358
683
430
404
305
528
39
54
102
208
84
411
301
923
106
401
4
196
554
936
789
929
492
777
891
414
4
453
883
270
349
731
928
352
617
505
806
394
186
613
168
452
363
497
397
571
280
194
261
384
429
747
2
213
386
331
626
667
747
111
224
739
5
261
2
175
84
422
613
756
986
39
420
559
523
157
728
273
724
290
633
336
9
544
571
835
5
793
396
41
332
513
585
503
717
600
648
836
435
584
273
499
67
855
213
333
167
121
441
840
865
142
932
487
684
787
547
383
963
880
453
956
69
269
514
94
48
810
200
35
922
337
421
706
359
946
48
729
829
995
915
500
843
618
713
499
240
305
69
430
351
684
771
544
160
889
15
61
738
621
963
944
349
143
775
238
260
659
417
569
399
358
60
426
351
57
156
430
762
708
151
876
190
328
479
960
98
680
909
975
40
749
599
327
879
365
122
122
597
648
771
376
402
806
766
205
511
48
578
86
693
858
20
91
723
737
600
666
87
927
302
928
765
880
240
260
869
871
882
378
583
250
634
913
154
544
39
530
18
83
838
389
303
733
72
281
962
619
567
384
747
992
255
877
445
216
273
459
139
50
723
899
52
304
835
313
930
38
578
236
361
397
381
760
34
723
775
994
7
561
867
327
441
217
908
305
205
705
223
24
141
224
336
520
802
860
106
84
967
862
571
336
506
691
987
227
315
839
253
201
687
936
701
915
758
516
858
17
576
128
293
678
158
135
215
446
621
499
282
415
357
667
630
568
359
384
691
410
774
461
230
882
85
620
180
56
390
775
419
432
954
41
712
723
236
282
939
328
487
552
167
300
536
105
246
651
151
234
178
849
391
434
117
586
741
520
722
810
277
517
420
547
831
920
628
945
65
405
984
67
398
400
111
840
132
236
801
930
843
59
875
188
817
856
480
916
979
625
851
317
558
794
418
85
964
288
620
133
490
812
410
546
301
607
651
486
532
528
18
36
49
479
635
351
226
173
627
573
372
746
804
629
271
467
735
330
724
638
596
603
562
971
293
385
488
665
250
108
109
49
285
98
444
187
117
645
324
252
520
264
219
897
352
526
18
642
689
151
443
798
473
327
623
302
629
109
28
169
69
581
443
84
238
562
272
99
758
548
419
873
892
57
572
656
724
700
275
213
930
983
885
443
183
669
339
346
279
201
428
419
731
564
978
572
969
455
706
747
681
486
373
152
67
125
868
171
868
386
728
903
976
430
599
298
353
889
307
962
141
873
452
101
653
31
326
748
34
766
997
734
195
65
60
557
353
999
158
855
867
733
940
356
445
881
564
830
75
735
258
313
204
554
169
161
242
864
874
259
437
762
77
489
103
991
245
789
554
204
358
896
166
898
650
88
7
92
16
748
458
859
350
53
456
663
445
460
548
861
115
282
118
288
303
487
786
981
516
138
866
823
520
986
16
707
703
183
160
81
864
120
450
80
241
362
981
293
30
393
479
968
149
374
121
835
757
661
631
239
373
898
318
500
401
808
845
813
62
853
134
407
575
462
334
364
552
890
440
175
728
229
432
998
500
732
802
591
533
983
107
689
972
880
464
840
532
687
427
356
757
983
732
335
361
393
483
49
927
82
547
314
213
700
170
155
699
350
478
137
571
993
890
303
444
56
461
663
997
50
571
412
502
296
125
807
947
965
556
36
658
287
195
793
835
617
538
867
55
370
167
188
401
982
703
421
858
422
562
587
65
646
500
825
606
508
655
890
167
800
14
690
84
836
613
8
869
673
604
194
260
427
314
749
525
291
438
758
474
335
225
250
762
335
439
543
257
991
629
373
747
652
724
933
682
325
755
20
944
560
747
835
702
669
659
423
986
555
636
632
567
661
247
16
127
633
787
801
851
293
426
499
75
86
531
10
96
270
218
328
87
753
475
420
561
836
439
22
861
307
429
293
735
814
673
264
521
775
554
517
775
650
196
601
505
873
734
309
450
795
255
473
70
897
482
39
608
61
88
279
368
935
660
299
652
893
961
358
206
478
672
878
163
411
374
170
147
314
10
330
548
809
548
354
193
980
241
898
144
322
219
669
601
402
118
340
651
358
237
527
753
329
50
975
985
154
220
362
580
709
243
772
633
266
503
431
717
109
278
599
173
441
45
637
988
161
886
237
415
221
255
790
878
229
611
157
61
317
50
110
577
621
20
121
886
404
770
237
916
953
493
860
995
445
296
762
611
584
512
618
310
358
581
151
9
54
256
660
581
975
780
610
476
887
817
292
575
522
867
767
253
203
801
971
757
754
722
200
916
698
538
111
882
286
705
767
679
959
693
961
659
668
942
712
619
415
847
888
128
88
269
298
457
169
135
745
536
628
77
124
26
812
357
592
184
279
265
393
595
77
245
110
525
385
700
46
362
728
114
58
804
690
131
913
382
684
698
98
784
672
159
41
986
370
688
281
324
383
144
626
889
796
292
736
148
696
874
152
515
952
965
719
48
957
659
680
471
507
935
226
137
880
218
916
134
695
901
782
2
577
137
181
102
672
111
842
743
703
36
769
76
240
612
25
977
267
96
964
992
320
330
716
407
2
236
592
884
448
184
802
645
425
746
687
877
444
514
346
889
961
302
13
192
358
388
805
64
250
605
440
78
928
525
254
525
481
647
961
336
729
758
747
754
180
878
203
210
108
0
987
861
682
492
56
363
590
673
351
212
13
368
473
155
119
151
147
24
193
449
660
460
5
970
523
437
236
385
325
354
910
726
864
16
734
354
416
826
444
670
115
599
400
196
914
614
544
722
670
820
470
869
285
198
169
449
224
98
767
158
18
511
500
911
999
78
929
789
486
760
971
688
709
622
447
437
79
504
440
378
125
477
916
78
6
993
881
783
372
189
927
947
605
951
386
360
274
242
983
375
0
961
840
26
976
437
750
47
685
407
898
164
834
830
808
458
781
185
336
199
340
777
778
11
563
374
478
308
646
18
765
253
601
58
895
313
202
416
738
877
183
702
91
380
306
741
397
732
182
731
915
941
388
515
483
162
879
6
802
440
792
104
46
603
638
598
875
208
389
563
965
149
834
817
47
349
945
204
38
304
524
298
422
182
520
551
926
220
677
941
970
639
314
137
821
366
906
849
49
148
551
249
501
714
289
588
857
628
387
592
521
338
283
874
36
278
316
897
552
741
890
494
579
798
745
585
208
896
241
487
117
105
786
151
333
744
265
484
367
796
148
900
977
461
200
864
266
616
172
444
675
161
953
582
945
121
161
99
723
526
896
629
546
793
188
913
977
99
613
292
826
153
376
478
995
975
854
639
963
457
572
29
909
676
550
48
424
427
421
780
80
173
3
990
253
491
999
362
701
47
593
785
273
17
139
816
201
683
761
467
637
772
175
904
577
666
326
600
419
192
547
601
972
311
636
222
65
57
616
400
950
440
194
437
742
789
888
63
217
933
222
472
530
262
67
89
723
967
165
178
439
221
366
107
236
74
322
953
756
103
363
677
142
3
947
662
742
340
389
191
909
985
521
803
886
186
690
764
223
391
454
266
968
718
129
625
235
936
22
244
631
130
220
174
451
314
736
727
212
39
949
515
75
715
580
886
854
557
185
556
137
390
789
653
793
158
162
733
117
471
574
690
753
158
806
455
528
778
974
909
501
813
227
944
534
111
678
488
406
610
469
334
462
857
775
6
263
913
643
205
214
577
717
703
764
622
615
411
153
63
192
443
125
144
700
283
834
625
496
906
842
990
896
654
472
642
279
546
477
564
849
611
906
948
512
32
53
359
370
743
666
341
819
117
487
204
236
965
780
277
352
442
645
693
839
544
173
286
361
308
169
131
584
979
814
955
2
456
303
612
226
687
895
537
18
791
440
534
791
557
862
896
761
371
828
185
198
55
928
689
658
840
572
769
828
547
84
601
560
483
952
890
285
71
349
189
658
486
156
729
866
973
518
700
120
113
554
345
249
744
957
824
621
970
285
259
169
893
26
532
237
814
273
212
757
155
15
918
398
525
782
610
966
115
695
558
728
153
900
215
355
735
608
741
919
654
998
196
155
246
3
583
741
747
25
191
151
670
312
41
850
304
411
525
298
929
485
218
630
94
430
359
962
136
142
197
507
249
980
977
78
634
27
333
773
528
474
38
351
646
526
824
267
523
943
485
809
771
476
581
797
340
427
966
281
263
401
125
397
974
250
189
326
909
502
724
40
113
761
590
657
557
813
96
596
227
445
550
591
775
408
57
721
871
776
896
483
399
535
463
746
338
813
685
110
98
185
207
707
984
633
594
537
727
743
774
362
883
466
878
215
935
662
323
111
684
553
904
478
773
771
321
45
399
921
932
988
503
366
666
913
395
287
735
227
114
705
148
616
935
842
886
311
616
640
864
994
214
674
923
484
829
665
493
579
515
578
231
882
6
91
521
854
245
527
680
507
632
336
464
66
676
216
628
721
534
932
498
223
553
846
388
306
435
277
73
95
697
371
506
253
835
707
600
823
499
660
514
804
110
255
476
629
885
889
516
906
693
941
998
273
690
521
288
996
611
411
895
518
918
9
368
770
836
282
603
679
775
139
249
588
784
313
950
692
566
136
825
38
209
311
801
20
204
617
426
510
248
784
301
747
29
367
221
939
595
300
222
227
943
936
664
789
50
741
377
564
435
563
96
873
381
694
749
997
99
176
167
516
775
958
621
498
514
354
6
429
29
93
557
262
71
70
875
757
663
316
96
744
337
756
548
967
6
311
992
568
907
98
170
842
332
99
629
712
377
878
503
996
62
145
948
932
193
226
47
294
69
627
177
508
947
607
858
188
640
980
444
399
1
869
776
20
538
10
416
168
343
446
35
212
338
669
287
474
91
168
904
173
990
767
399
373
37
601
358
700
694
227
463
96
400
643
28
173
311
471
530
670
599
943
511
336
509
924
450
556
360
539
609
198
814
754
53
38
860
694
315
707
190
391
844
183
972
632
939
299
141
919
950
975
965
557
270
510
906
938
377
940
772
408
39
221
227
698
145
284
35
346
269
908
986
404
30
431
186
314
97
296
609
236
618
47
29
939
732
272
790
139
344
112
708
419
69
934
407
386
110
162
670
792
577
421
431
390
75
468
660
523
921
690
63
20
41
464
580
294
687
52
445
35
347
388
987
111
312
629
240
22
120
492
633
341
770
872
24
113
30
155
809
263
799
99
178
305
327
289
653
922
784
684
330
990
790
3
125
257
51
70
847
523
426
303
1
332
885
387
851
362
850
999
626
628
928
344
40
937
72
595
5
874
86
70
139
513
710
673
527
181
499
572
267
179
234
463
657
234
622
152
138
531
397
452
333
259
88
709
507
935
431
412
534
475
939
228
722
695
821
963
564
462
547
269
911
420
259
774
533
107
160
100
122
682
874
967
461
579
714
134
992
799
866
271
854
601
723
11
996
644
344
420
240
257
320
267
814
937
409
450
186
91
992
835
447
554
69
859
86
70
258
679
522
278
140
865
568
823
635
919
645
532
60
336
983
186
981
588
325
373
264
751
362
21
1
897
869
351
402
581
804
513
550
988
623
310
105
77
753
962
278
700
576
43
83
108
486
484
271
418
336
215
732
56
315
69
79
922
439
893
701
928
316
928
31
305
185
437
797
248
739
854
889
630
642
453
522
795
264
780
850
722
82
232
929
49
753
105
416
970
402
481
193
177
345
222
59
377
933
142
964
981
748
230
424
56
167
503
262
946
209
429
353
816
361
357
107
39
126
131
189
268
810
69
892
99
111
792
782
802
455
493
499
888
584
55
38
440
867
731
217
844
973
236
144
480
255
891
510
333
968
744
941
774
315
863
121
610
603
937
315
478
122
886
4
302
529
732
615
840
394
143
777
430
49
621
780
262
113
133
703
159
859
483
121
34
512
682
676
539
936
175
855
634
116
381
620
498
85
715
152
310
623
206
8
363
808
524
281
94
371
574
48
826
201
569
248
278
631
226
241
785
218
251
846
779
95
623
687
481
127
333
77
844
159
68
108
335
702
460
186
507
288
884
606
58
760
814
68
804
362
523
269
896
614
636
322
163
920
686
257
574
908
385
129
663
638
813
504
823
184
610
348
627
758
675
477
881
875
157
441
897
630
274
170
333
94
484
610
471
482
936
742
278
310
529
233
515
488
638
663
918
561
169
450
241
263
949
561
917
734
619
476
505
670
433
85
260
744
488
360
315
827
808
931
227
763
554
168
773
897
249
95
825
501
862
152
56
855
39
767
218
510
44
432
512
176
230
90
208
568
667
776
179
621
66
914
420
351
47
698
271
940
4
867
619
489
181
724
93
748
630
745
283
70
499
178
410
326
180
261
437
272
762
239
298
381
226
552
2
580
934
685
869
214
322
206
80
263
898
999
500
217
397
204
20
90
413
822
339
661
238
546
943
430
497
521
878
455
453
386
163
352
120
707
941
219
559
974
437
693
672
608
618
65
256
973
138
206
422
431
935
601
843
958
739
261
388
233
338
830
381
898
291
934
308
728
170
655
791
918
773
519
859
561
241
49
171
414
56
751
417
42
305
509
140
331
317
922
846
387
801
280
952
766
581
786
964
513
263
877
943
98
165
215
657
478
766
28
218
413
899
288
787
458
351
703
814
942
735
343
275
77
80
215
225
104
325
745
349
897
994
394
9
798
368
747
444
180
364
504
266
60
542
734
152
115
859
297
398
44
192
818
777
560
68
232
612
278
888
350
170
941
205
338
611
141
938
142
817
838
633
399
149
505
965
515
515
370
115
408
767
663
265
727
842
642
399
71
277
370
657
885
936
400
966
737
64
181
496
477
355
217
200
878
873
446
733
837
153
275
169
783
645
917
352
64
587
639
286
151
416
386
204
323
419
79
927
483
132
297
941
514
359
937
172
593
249
905
297
759
46
241
866
196
772
232
961
115
751
986
621
693
594
520
142
755
95
446
421
971
707
941
294
107
97
473
11
484
673
340
726
550
733
545
50
857
488
493
63
627
347
496
248
246
477
698
114
601
583
536
876
790
169
805
838
660
20
885
351
899
877
877
143
796
491
846
117
299
37
97
438
781
963
196
507
259
407
883
429
953
599
361
320
912
323
349
705
591
605
170
437
673
818
47
112
735
523
533
47
334
528
223
890
603
826
227
650
723
715
62
602
232
725
367
389
453
603
33
596
626
456
748
450
771
58
469
622
451
754
858
780
366
316
962
49
475
117
561
8
376
157
489
526
89
331
627
534
120
975
501
698
728
976
38
16
589
11
517
660
178
116
544
831
486
44
72
36
953
448
777
19
744
465
111
28
920
677
211
793
343
746
710
392
749
10
893
748
874
248
970
95
594
29
411
438
979
110
635
489
567
886
535
421
917
68
259
112
977
353
115
937
380
312
766
97
486
810
284
258
256
909
784
498
446
544
544
107
609
782
241
627
779
388
120
316
171
336
67
887
89
753
934
945
652
229
66
18
206
43
848
477
793
718
963
569
170
626
586
588
204
150
421
79
776
646
847
210
800
651
138
580
219
497
889
158
682
622
734
621
713
466
740
531
914
727
950
561
963
742
990
891
783
515
955
872
834
767
9
220
942
344
820
132
507
719
343
157
332
397
358
257
348
763
181
207
6
741
663
190
20
945
336
845
632
530
142
250
598
948
642
798
706
51
509
930
278
917
677
560
644
320
439
135
874
993
14
316
283
522
153
658
697
855
139
239
265
662
940
234
679
160
629
668
752
944
609
882
231
815
302
556
855
426
131
766
543
81
180
264
779
500
96
171
79
244
548
955
638
363
656
244
697
73
295
810
868
836
988
521
474
843
143
109
552
943
239
271
751
446
570
21
611
326
376
93
113
523
582
294
957
317
158
762
417
321
979
20
601
697
570
386
755
963
332
135
293
779
264
920
575
678
261
128
847
508
253
411
675
17
446
875
664
688
810
826
322
324
438
37
477
405
831
554
703
667
592
822
664
938
104
556
602
995
889
357
931
786
587
497
273
305
383
896
797
96
456
736
160
919
891
251
546
307
191
500
25
600
487
341
86
561
357
928
420
569
177
497
186
933
742
356
552
296
773
912
54
946
724
463
111
646
654
561
540
607
846
292
197
118
302
578
427
947
321
751
329
469
481
926
169
239
322
687
675
962
606
158
343
241
306
819
812
685
237
466
473
277
792
823
168
425
433
600
59
851
602
558
358
811
430
552
988
190
236
30
102
562
836
976
46
825
926
561
985
559
386
779
707
81
217
720
309
868
115
330
545
767
66
504
574
943
524
469
935
525
54
318
821
533
699
896
637
390
452
532
949
25
233
153
735
480
805
708
328
52
664
373
10
418
751
257
981
836
182
392
437
856
533
379
749
159
688
948
145
796
48
465
889
894
983
822
113
996
761
238
965
645
349
390
786
705
179
622
952
751
104
988
508
475
949
215
289
851
70
622
614
159
414
283
371
635
767
927
341
819
967
162
873
522
534
623
797
694
108
466
186
571
432
175
270
322
130
872
766
30
58
3
344
844
658
118
798
852
142
696
30
808
404
845
815
552
46
221
167
823
261
441
319
245
215
115
688
314
657
554
70
500
591
911
842
685
664
311
918
949
120
909
410
735
589
498
403
602
410
876
915
550
969
672
948
417
987
782
669
886
164
680
127
72
474
206
905
824
612
345
232
969
896
465
427
284
28
718
506
709
173
792
934
57
918
627
947
346
584
458
667
673
352
662
460
447
887
868
57
488
955
249
791
973
170
290
302
44
814
892
135
653
228
324
292
507
439
381
786
782
290
732
356
337
210
393
154
933
545
364
766
665
119
986
495
940
811
339
142
385
120
104
118
750
690
302
577
649
448
770
501
118
251
96
461
353
940
28
339
477
829
964
76
376
965
128
892
155
55
295
489
209
420
615
435
459
68
17
456
333
452
398
422
289
146
314
10
414
644
20
245
484
966
334
254
311
618
296
67
822
809
963
385
759
736
485
155
688
934
952
686
76
145
310
739
89
705
342
142
274
572
684
420
350
888
32
561
892
456
581
679
808
85
108
211
415
302
476
273
27
291
720
743
75
362
390
823
435
732
792
478
323
618
592
994
318
681
516
849
337
260
260
556
974
537
636
322
501
740
642
857
134
447
846
735
21
867
961
375
114
96
227
207
60
784
981
757
817
514
927
706
100
795
320
919
36
230
120
524
309
932
467
392
486
231
52
346
134
784
523
517
859
504
597
83
368
948
982
744
875
9
926
487
720
79
221
971
789
11
180
755
420
124
650
72
38
598
695
115
122
573
393
951
818
905
736
630
814
136
744
232
495
954
995
118
42
342
344
772
94
617
36
372
900
190
731
471
707
161
459
47
469
62
310
577
754
23
362
534
191
562
38
176
818
985
811
145
388
178
260
958
811
871
980
883
379
888
707
633
489
884
788
146
708
543
358
117
168
517
301
301
232
765
684
476
703
864
314
84
860
985
822
726
143
135
479
628
828
997
797
888
83
162
526
688
906
940
22
457
88
984
694
880
326
564
463
96
692
302
659
613
404
485
57
735
231
789
979
154
35
776
5
810
174
16
165
532
194
265
33
384
613
171
81
11
443
365
970
472
274
549
228
342
674
404
361
445
967
814
739
522
732
447
552
994
326
961
428
188
458
146
4
398
244
330
626
601
621
267
186
849
416
185
936
612
641
65
147
557
242
253
186
208
948
685
450
165
54
810
169
250
525
475
314
928
369
659
821
64
407
402
818
126
216
391
122
699
829
191
954
937
717
495
493
216
645
142
61
54
771
278
414
74
760
945
375
497
127
351
270
266
213
910
822
228
879
459
208
39
955
44
147
824
652
856
257
142
605
278
992
473
1
690
153
530
749
702
152
117
731
101
657
740
876
674
587
629
584
384
236
684
349
235
889
227
162
443
328
517
703
384
772
402
891
81
140
684
913
191
57
577
513
614
441
857
174
276
53
55
145
642
763
957
217
104
297
80
820
788
175
738
895
106
119
158
998
752
36
814
393
0
804
896
892
521
500
319
617
55
790
798
27
270
41
399
953
958
870
994
734
240
450
457
489
391
45
744
830
218
565
218
208
766
647
86
849
648
436
256
367
407
668
332
221
496
618
614
723
579
508
941
691
123
197
853
66
515
424
932
198
204
651
20
106
619
806
79
779
39
670
185
902
824
475
23
593
603
754
645
451
938
344
717
64
768
860
836
36
18
238
358
795
145
578
114
275
396
36
200
911
291
183
446
458
110
830
530
556
236
197
666
347
127
973
511
904
20
522
64
21
528
915
163
57
438
830
270
504
94
45
916
641
31
809
971
501
285
353
785
281
118
831
543
816
966
95
254
265
386
357
790
992
329
474
54
419
679
603
637
387
619
46
135
837
960
545
411
996
313
473
377
165
606
571
665
119
947
147
598
709
183
7
338
697
577
55
339
158
407
52
627
746
961
154
261
62
794
515
427
396
222
249
21
84
911
247
236
411
82
509
748
528
678
830
400
740
317
783
255
566
602
751
316
848
834
221
75
361
768
891
575
367
457
557
921
9
974
966
403
671
271
887
843
135
356
308
859
645
327
310
853
118
869
582
51
913
212
516
556
73
878
365
99
955
100
570
866
769
878
227
988
289
926
983
975
582
460
734
432
449
588
750
833
571
836
662
109
353
625
299
772
212
258
332
874
883
204
892
730
704
228
819
337
773
523
793
869
257
787
473
59
530
112
301
695
104
482
884
966
884
887
781
880
699
525
150
426
772
877
821
199
633
939
346
655
597
242
968
895
819
756
319
128
310
855
543
668
986
684
778
322
614
753
870
539
285
813
765
909
960
123
147
301
609
640
764
993
406
519
280
587
369
604
909
26
480
942
478
771
749
741
821
333
60
354
634
513
484
934
831
240
652
203
250
158
572
487
733
717
997
646
550
61
278
927
462
62
524
207
265
600
125
770
649
946
193
0
974
319
213
811
174
358
93
927
381
616
717
587
625
981
189
860
453
415
775
512
96
416
110
167
857
8
141
78
362
94
713
22
958
295
267
113
655
933
990
644
832
911
897
784
52
926
890
715
18
47
192
115
838
516
547
715
924
573
738
350
739
101
296
879
236
615
603
795
958
199
155
455
352
733
676
51
458
164
752
656
592
104
556
285
435
982
813
13
510
902
79
981
250
75
122
905
367
531
241
30
119
537
984
2
800
288
289
352
823
698
371
871
331
335
552
314
221
457
714
883
962
708
497
944
618
91
435
415
96
389
489
270
414
239
489
259
925
627
797
58
374
846
208
989
848
190
416
645
542
602
845
255
76
157
76
26
182
546
568
405
429
467
734
637
375
716
723
180
858
442
140
77
877
698
273
708
394
268
424
171
476
733
906
134
337
564
627
304
820
540
755
319
250
696
148
642
126
326
88
763
27
786
793
999
518
531
244
569
318
650
35
871
697
398
789
741
132
941
492
766
654
5
826
697
905
265
313
87
367
671
286
210
13
597
273
185
318
756
356
937
111
53
741
990
338
880
346
975
825
500
728
631
329
457
808
247
521
168
271
840
677
244
624
207
3
994
480
650
305
115
413
22
913
762
684
259
187
529
174
543
877
462
358
231
17
267
337
93
971
523
635
450
62
304
2
300
138
882
817
115
691
522
59
646
833
956
98
715
336
899
203
115
396
358
472
771
154
544
410
855
773
238
360
81
868
97
280
743
213
43
577
915
576
990
811
259
850
0
403
505
229
187
703
189
328
48
43
703
744
12
693
201
339
499
611
240
300
601
79
91
272
312
155
723
708
667
223
723
889
768
309
642
989
476
749
699
327
289
306
742
391
555
944
527
904
920
16
363
250
437
369
203
560
397
237
426
11
948
837
401
993
770
554
337
966
572
161
160
477
196
602
36
715
760
166
461
712
976
954
360
371
673
684
821
600
391
512
282
113
599
128
528
503
122
486
395
147
589
135
664
357
669
679
974
975
664
634
255
632
383
814
360
225
768
635
20
101
24
19
55
161
110
292
326
629
314
759
132
791
948
412
830
659
473
508
256
601
183
315
833
971
954
112
561
920
608
642
412
634
863
488
854
825
550
573
253
850
840
671
351
231
957
194
784
972
106
806
549
459
1
786
543
669
148
227
439
638
259
101
464
972
181
948
339
635
115
71
603
287
791
226
904
56
907
423
497
299
95
233
706
35
666
860
806
507
585
172
53
710
990
800
862
69
952
818
177
517
464
799
67
210
779
782
492
292
411
278
157
733
769
832
618
403
549
822
168
632
126
158
24
820
253
200
449
652
939
312
572
953
762
735
329
927
945
277
567
920
546
795
200
989
5
504
522
816
143
298
258
937
854
495
244
403
627
255
453
90
234
327
449
748
205
445
0
737
4
779
716
16
585
122
126
447
624
717
166
622
796
350
496
33
813
449
499
1
269
979
590
773
921
542
652
962
437
972
934
988
256
837
391
888
551
16
163
408
925
10
552
201
616
653
647
909
871
680
820
32
895
727
560
345
645
919
744
311
678
536
806
837
338
735
397
716
399
439
883
907
945
924
255
997
519
435
129
128
577
937
745
413
45
223
423
617
65
839
994
519
219
806
92
759
653
445
386
423
908
109
202
693
255
126
357
694
92
325
988
934
790
376
670
484
291
719
199
889
290
353
381
893
801
376
132
471
533
762
633
815
275
85
980
1
19
78
966
656
308
133
394
324
546
441
48
1
188
836
108
278
882
522
662
671
132
420
994
895
966
859
231
478
104
659
229
715
649
262
655
750
459
257
272
133
625
775
83
328
597
128
554
523
863
118
400
248
160
652
554
598
941
427
631
10
102
179
345
864
774
586
116
198
69
180
459
149
720
287
690
989
914
969
765
508
396
296
648
867
137
950
544
262
524
648
238
469
714
393
300
739
100
239
448
746
549
314
630
481
586
540
545
124
615
762
346
614
286
917
761
974
562
157
168
115
802
395
776
228
921
210
322
169
130
361
719
112
424
815
708
597
219
468
269
9
472
695
243
893
584
609
584
19
496
77
462
681
544
923
463
331
381
680
184
413
633
524
695
914
298
623
803
83
128
888
474
127
208
180
645
611
414
480
400
863
343
67
150
717
796
666
434
319
522
513
216
803
983
323
889
821
95
943
269
913
36
55
59
252
348
661
388
919
372
445
494
886
947
697
484
955
785
397
731
81
678
936
231
304
615
539
203
781
634
129
248
243
459
875
725
130
448
39
605
690
383
220
254
620
863
189
877
957
803
447
662
480
443
609
97
631
733
351
417
870
481
723
975
364
698
825
267
478
519
829
994
738
18
563
275
501
592
394
811
322
767
54
680
583
158
888
235
829
221
12
430
228
998
352
381
968
715
764
610
637
487
458
800
850
145
412
81
621
690
716
307
43
632
459
429
778
203
914
935
757
204
150
847
555
750
964
8
900
956
793
805
177
834
356
540
247
280
467
789
544
545
175
73
118
306
917
856
692
341
921
955
795
925
361
360
454
164
579
555
755
993
844
529
471
341
894
896
220
804
189
315
401
513
647
282
367
657
798
789
803
122
787
169
996
645
784
291
579
358
185
394
802
812
776
785
211
548
461
610
78
512
470
6
534
645
121
904
656
962
955
689
497
804
515
262
564
838
616
719
268
350
43
129
324
291
155
866
241
122
571
700
88
456
138
819
57
554
663
672
776
616
599
104
660
272
477
15
21
358
716
918
807
313
188
467
821
785
638
112
100
309
238
812
910
473
76
325
680
980
703
839
760
231
375
61
582
418
949
494
117
25
41
628
766
691
935
918
634
483
888
686
362
55
176
356
789
110
769
208
501
199
780
911
926
180
135
461
396
989
343
921
712
993
171
998
150
463
290
133
238
819
435
744
790
389
231
74
880
539
629
594
5
374
258
246
118
634
890
699
906
78
384
715
697
964
773
400
851
283
113
796
334
783
939
211
347
178
990
336
396
108
339
324
980
750
749
966
434
869
949
940
220
129
274
991
716
349
996
165
497
641
374
975
589
563
190
171
214
436
786
36
420
638
576
501
854
491
369
573
937
81
412
379
78
770
331
299
46
40
316
305
148
134
934
314
360
25
838
995
60
541
885
641
244
708
799
839
623
121
779
45
644
747
778
805
811
517
86
266
386
730
145
41
312
126
646
929
953
967
47
199
431
474
197
114
841
986
182
526
67
740
574
636
937
326
268
390
113
413
911
967
868
886
6
313
881
84
145
721
151
120
415
924
828
79
628
725
742
493
439
255
965
359
110
44
420
270
270
536
546
80
114
672
809
336
119
916
203
909
155
164
43
576
96
902
415
648
776
533
0
904
614
101
139
255
271
691
72
320
131
258
644
808
556
544
549
692
90
511
369
525
184
871
483
508
262
512
116
928
580
174
666
15
304
877
783
32
21
724
329
750
968
958
801
9
439
483
867
791
577
549
641
984
732
38
667
359
527
935
423
580
940
451
705
318
241
739
335
926
900
714
340
79
169
392
335
305
273
868
839
676
904
483
437
202
299
365
510
37
229
726
219
944
245
746
607
442
77
98
445
708
473
443
852
84
561
37
648
130
949
737
789
304
949
484
354
838
90
105
808
875
988
546
502
944
393
822
555
110
895
366
318
312
382
482
981
219
629
633
81
225
343
677
50
917
130
557
972
49
276
580
710
292
993
918
763
671
550
691
982
670
612
836
807
628
937
51
204
279
392
191
222
586
795
932
746
17
219
457
519
919
69
539
451
172
680
831
29
106
334
749
582
439
583
336
34
733
357
378
284
348
632
716
843
705
702
42
567
999
605
893
623
876
425
682
459
295
205
961
513
741
687
504
711
795
45
597
908
358
974
90
722
766
535
907
3
977
930
803
576
812
372
348
32
548
76
670
131
186
67
271
860
468
932
168
748
617
930
528
624
13
560
1
489
74
225
704
668
639
757
427
510
970
596
75
774
378
842
489
159
664
63
405
112
779
106
713
345
106
401
196
172
236
72
330
342
811
123
929
361
223
682
302
495
663
992
470
525
555
512
881
697
461
853
696
578
229
243
975
275
908
471
182
435
560
592
209
12
869
593
871
813
653
301
896
479
919
133
912
416
235
464
8
624
837
688
908
358
512
173
222
277
265
928
881
40
252
510
90
623
533
607
705
6
989
818
205
656
324
831
581
109
781
160
76
685
725
573
412
120
605
914
882
211
872
511
530
49
62
653
433
396
14
696
713
718
626
853
50
337
348
217
202
358
63
259
63
390
56
231
44
355
259
400
272
394
2
882
884
752
208
729
186
814
548
849
339
954
201
707
209
731
914
400
707
977
835
365
943
494
730
395
985
309
773
282
186
942
749
594
508
763
503
950
249
546
524
357
652
822
78
750
111
132
579
575
419
808
574
458
718
226
712
365
23
793
814
877
549
57
948
278
477
284
591
904
490
123
168
369
271
510
357
740
64
944
665
900
623
152
60
487
946
349
61
481
545
546
963
491
277
274
923
944
804
968
444
204
986
205
270
913
121
958
169
904
281
762
650
984
594
221
168
110
726
20
557
922
268
502
808
425
679
282
559
316
997
419
849
845
403
477
514
457
350
810
976
430
500
830
746
634
609
379
824
845
173
594
797
13
987
519
769
876
293
71
427
648
803
281
396
878
242
422
494
588
905
638
20
418
702
248
899
964
879
302
806
7
125
59
879
205
659
858
65
103
860
948
835
846
962
214
687
501
179
620
592
287
390
574
321
601
532
446
883
523
705
106
311
464
801
476
737
679
911
827
821
150
561
926
635
330
455
805
278
214
842
740
987
317
634
381
533
933
640
105
389
922
906
322
422
244
517
96
183
807
644
278
497
533
422
696
656
666
982
132
919
283
932
290
180
915
425
473
34
364
855
303
845
990
231
324
985
432
356
380
651
232
893
407
625
16
961
855
949
216
938
493
380
281
827
657
190
541
662
68
134
361
918
971
904
619
523
355
90
678
484
155
483
39
543
330
577
284
452
366
87
872
160
446
890
37
484
485
77
518
677
59
323
784
39
698
113
949
331
898
558
468
768
617
674
200
597
35
60
827
549
849
552
159
923
769
341
546
820
818
789
907
380
147
469
997
680
503
612
135
979
118
793
773
692
67
277
335
300
869
111
27
766
773
422
169
359
435
561
948
141
877
570
208
396
958
826
28
387
470
70
510
262
227
926
573
100
244
326
103
576
222
982
319
853
397
380
354
890
233
121
335
605
66
401
240
916
809
324
138
542
892
530
269
128
278
227
416
892
105
955
444
852
216
597
739
956
214
783
261
493
373
339
991
774
908
405
152
301
320
280
913
660
269
500
553
758
937
666
602
128
381
792
156
556
953
607
907
209
971
705
479
223
348
569
984
262
511
939
68
982
670
442
423
584
523
360
926
852
169
288
296
732
44
543
17
758
171
945
684
703
472
688
524
906
602
400
247
415
960
181
215
241
545
502
767
0
724
363
559
853
177
88
500
196
499
758
959
67
403
639
432
289
850
168
527
514
618
675
134
327
290
169
118
42
180
727
869
439
724
488
689
29
327
48
244
940
678
640
324
689
309
941
141
181
500
603
221
244
474
639
291
465
689
443
493
462
154
634
261
296
542
3
240
362
142
322
755
968
567
169
970
492
389
423
390
614
899
239
833
315
157
393
993
48
226
261
911
688
121
427
684
233
486
232
439
893
929
531
141
125
588
390
661
647
527
680
807
256
546
911
464
668
478
171
36
810
616
197
297
149
683
606
748
877
553
564
363
637
782
431
286
517
457
298
771
631
79
301
148
846
270
839
782
379
35
937
513
610
408
702
895
633
733
862
235
968
210
778
288
67
903
402
27
317
897
897
197
215
921
146
809
766
713
876
143
787
294
857
482
563
93
940
644
815
844
145
508
694
278
262
505
118
553
79
302
785
376
264
610
524
208
891
595
243
890
217
198
232
28
373
125
435
972
244
453
555
210
545
339
987
136
901
187
687
193
267
885
541
563
962
252
249
986
883
580
785
562
386
408
503
985
818
493
653
959
945
878
10
780
115
724
195
860
682
290
965
313
826
195
318
693
283
312
243
561
616
698
660
47
36
688
540
441
684
742
773
909
831
162
920
934
914
348
122
559
961
633
842
342
896
580
702
954
79
674
365
787
396
936
136
141
850
483
666
48
959
372
31
983
811
982
248
107
412
445
684
692
518
429
434
476
800
276
139
839
419
173
780
178
155
218
585
759
136
509
910
970
294
723
822
676
16
142
407
97
747
261
45
256
622
42
346
286
640
407
567
567
594
534
804
979
995
180
179
169
58
273
147
259
182
759
792
101
522
325
184
995
